sandbox/hansen.asc
ncols        458
nrows        392
xllcorner    -64.781500000000
yllcorner    -3.279000000000
cellsize     0.000250000000
[rows 280 to 335 of 392, columns 288 to 383 of 458]
96 96 96 96 94 98 96 95 95 95 95 98 99 100 95 96 95 97 97 97 96 94 98 96 85 89 96 93 93 89 95 94 69 44 52 47 3 51 51 0 0 0 0 0 0 0 0 0 0 0 0 0 0 0 0 0 0 82 82 93 95 98 99 98 100 100 98 95 95 95 31 58 0 20 51 3 0 0 0 0 0 0 0 0 0 0 0 0 0 0 0 0 0 0 0 0
96 92 96 93 95 96 95 92 92 95 96 99 99 96 97 96 96 97 97 96 96 93 92 56 51 67 77 55 55 51 73 47 0 95 0 0 0 3 3 0 0 0 0 0 0 0 0 4 4 0 6 0 0 0 0 0 0 0 0 3 89 96 96 98 98 98 100 100 100 98 74 18 18 0 93 16 0 0 0 0 0 0 0 0 0 0 0 0 0 0 0 0 0 0 0 0
90 95 95 97 96 96 91 89 89 96 100 96 96 95 96 95 96 100 100 96 93 54 43 0 14 47 1 0 0 0 0 0 0 3 0 3 0 0 0 0 0 0 0 0 0 0 0 0 0 0 0 0 0 0 0 0 0 0 0 0 0 66 71 90 96 95 98 98 98 96 81 36 55 18 0 0 0 0 0 0 0 0 0 0 0 0 0 0 0 0 0 0 0 0 0 0
89 89 94 94 95 87 89 93 93 90 91 67 73 70 84 93 86 95 95 89 49 51 47 0 0 0 0 0 0 0 0 0 0 0 0 0 0 0 0 0 0 0 100 3 0 6 0 0 0 0 0 0 0 0 0 0 0 0 0 0 0 0 0 0 64 94 96 98 98 96 89 55 17 51 16 67 3 0 0 0 0 0 0 0 0 0 0 0 0 0 0 0 0 0 0 0
89 93 90 90 85 87 85 87 87 52 48 12 4 0 31 52 23 51 51 55 0 0 0 3 100 27 0 0 0 0 0 0 0 0 0 0 0 0 0 0 34 0 56 0 0 0 18 66 66 0 0 0 0 14 0 0 0 0 0 0 0 0 0 0 0 85 89 98 98 96 94 79 57 50 7 11 93 1 1 0 0 0 0 0 0 0 0 0 0 0 0 0 0 0 0 0
69 65 56 54 73 69 75 71 71 51 53 54 52 29 0 13 1 50 50 50 0 0 0 0 16 69 0 0 0 0 0 0 0 0 0 0 0 0 0 100 34 0 0 0 53 6 49 61 61 0 1 0 0 52 14 8 0 0 0 0 0 0 0 0 0 0 0 63 63 87 96 93 92 51 49 31 80 54 54 0 0 0 0 0 0 0 0 0 0 0 0 0 0 0 0 0
69 65 56 54 73 69 75 71 71 51 53 54 52 29 0 13 1 50 50 50 0 0 0 0 16 69 0 0 0 0 0 0 0 0 0 0 0 0 0 100 34 0 0 0 53 6 49 61 61 0 1 0 0 52 14 8 0 0 0 0 0 0 0 0 0 0 0 63 63 87 96 93 92 51 49 31 80 54 54 0 0 0 0 0 0 0 0 0 0 0 0 0 0 0 0 0
1 0 16 0 70 70 69 59 59 47 60 87 51 51 61 45 0 0 0 3 59 66 0 0 0 0 0 0 0 0 0 0 0 0 0 0 0 20 20 46 34 0 0 0 34 0 0 53 53 0 0 0 0 0 52 3 3 0 0 0 0 0 0 0 0 0 0 0 0 58 97 94 89 94 89 89 93 96 96 1 0 0 0 0 0 0 0 0 0 0 0 0 0 0 0 0
85 0 0 0 56 47 71 2 2 75 30 50 45 47 52 68 0 0 0 0 61 62 0 0 0 0 0 0 0 0 95 70 57 0 0 0 0 15 15 34 34 0 0 0 0 0 0 0 0 0 0 0 0 0 0 0 0 27 27 94 88 0 0 0 0 0 0 0 0 0 0 72 84 89 96 93 98 98 98 60 8 0 0 0 0 0 0 0 0 0 0 0 0 0 0 0
59 59 0 47 28 30 40 7 7 51 33 33 70 73 44 0 0 0 0 0 0 0 0 0 0 0 0 0 0 0 0 0 0 0 31 46 0 0 0 0 0 0 0 0 0 4 0 0 0 0 0 0 0 0 0 0 0 0 0 0 0 0 0 0 0 0 0 0 0 0 0 0 0 4 60 82 88 89 89 86 3 0 0 0 0 0 0 0 0 0 0 0 0 0 0 0
73 31 69 0 58 31 29 22 22 37 0 49 55 47 47 47 1 0 0 22 0 0 0 0 1 0 0 0 0 100 0 0 0 0 0 0 0 0 0 11 0 0 0 0 57 0 0 0 0 0 55 0 0 0 0 0 0 0 0 0 0 0 0 0 0 0 0 2 2 0 0 0 6 0 12 69 44 65 65 57 46 0 0 0 0 0 0 0 0 0 0 0 0 0 0 0
93 96 94 65 51 100 39 31 31 0 41 52 55 62 50 38 55 49 49 49 1 3 8 3 0 0 0 22 22 0 58 0 47 46 0 53 61 46 46 0 0 0 0 0 0 0 0 0 0 0 0 0 0 0 0 0 0 61 61 57 0 0 0 100 0 0 0 44 44 47 4 0 0 0 19 47 66 0 0 59 57 41 0 0 0 0 0 0 0 0 0 0 0 0 0 0
100 99 97 93 90 86 68 77 77 31 16 15 28 33 61 26 31 12 12 61 51 37 19 20 0 0 0 12 12 32 31 69 76 62 0 16 34 34 34 15 4 0 100 46 0 0 0 0 0 0 0 0 0 0 0 0 0 37 37 62 0 0 0 0 0 0 46 48 48 66 68 0 0 0 0 52 95 21 21 14 48 70 1 0 0 0 0 0 0 0 0 0 0 0 0 0
99 99 96 99 98 93 95 83 83 52 50 16 51 9 69 17 5 0 0 0 33 37 53 41 52 47 16 2 2 22 31 0 0 0 0 0 0 0 0 0 0 0 0 0 0 0 0 0 0 0 0 0 0 0 0 0 0 0 0 0 0 0 0 0 0 0 56 46 46 15 15 69 0 0 26 0 34 40 40 22 51 69 51 0 0 0 0 0 0 0 0 0 0 0 0 0
97 99 93 97 99 91 91 94 94 88 57 68 52 52 50 68 33 60 60 0 30 39 60 32 53 61 31 66 66 53 36 0 19 49 60 0 0 0 0 29 40 0 0 0 0 0 2 1 1 1 0 0 0 0 0 3 0 0 0 0 0 0 0 0 0 0 0 0 0 0 73 60 57 50 0 2 6 21 21 4 71 49 70 0 0 0 0 0 0 0 0 0 0 0 0 0
97 98 96 98 99 98 95 95 95 90 96 89 80 64 72 81 89 79 79 16 47 39 39 53 0 28 6 7 7 1 6 3 29 0 1 36 6 4 4 7 0 0 0 0 0 0 0 0 0 0 0 3 0 0 4 0 0 0 0 0 0 0 0 0 0 0 0 3 3 0 0 52 70 0 62 0 0 0 0 0 0 41 0 12 0 0 0 0 0 0 0 0 0 0 0 0
97 98 96 98 99 98 95 95 95 90 96 89 80 64 72 81 89 79 79 16 47 39 39 53 0 28 6 7 7 1 6 3 29 0 1 36 6 4 4 7 0 0 0 0 0 0 0 0 0 0 0 3 0 0 4 0 0 0 0 0 0 0 0 0 0 0 0 3 3 0 0 52 70 0 62 0 0 0 0 0 0 41 0 12 0 0 0 0 0 0 0 0 0 0 0 0
98 97 97 99 100 100 99 99 99 96 99 99 99 96 95 90 89 89 89 68 36 26 1 25 0 16 1 1 1 16 4 0 3 24 0 3 40 37 37 86 16 0 0 0 0 0 0 0 0 0 1 0 1 0 28 15 6 0 0 7 0 0 0 0 0 0 0 0 0 0 0 0 8 0 60 60 0 0 0 0 0 0 0 4 0 0 0 0 0 0 0 0 0 0 0 0
99 100 96 97 97 100 98 99 99 100 97 99 100 99 97 97 95 99 99 95 81 52 39 51 0 13 33 30 30 7 0 60 10 0 0 0 3 32 32 12 0 28 1 36 47 0 13 0 0 5 51 0 0 0 18 9 18 0 0 0 0 0 0 0 0 0 0 0 0 0 0 1 68 66 48 51 0 0 0 0 0 0 0 0 0 0 0 0 0 0 0 0 0 0 0 0
100 100 100 100 97 98 100 100 100 100 99 99 99 97 100 100 98 98 98 95 90 89 85 81 70 60 57 71 71 1 0 10 31 100 100 0 45 33 33 33 7 6 6 30 30 30 0 4 4 16 18 0 0 0 0 0 0 1 1 15 0 0 0 0 0 1 1 55 55 29 19 0 37 61 8 46 70 0 0 0 0 0 0 0 0 0 0 0 0 0 0 0 0 0 0 0
100 100 100 100 100 100 99 100 100 97 99 93 95 99 98 97 99 98 98 98 97 99 98 92 90 89 89 89 89 64 13 24 24 60 60 32 31 31 31 31 33 31 1 1 3 24 2 1 1 1 20 27 44 0 0 0 0 0 0 0 0 0 0 15 0 0 33 31 31 70 37 0 0 47 95 60 0 0 0 0 0 0 0 0 45 0 0 0 0 0 0 0 0 0 0 0
99 100 100 100 98 91 98 97 97 98 100 98 94 96 96 98 100 97 97 100 100 100 97 97 99 98 95 96 96 95 90 67 57 68 56 51 16 51 51 1 15 18 22 19 0 6 0 0 0 2 31 0 4 19 0 1 0 0 0 0 1 15 1 15 1 1 56 44 44 16 55 0 0 0 56 58 34 0 0 43 0 0 0 0 1 1 0 0 0 0 0 0 0 0 0 0
99 100 100 100 100 100 99 97 97 100 99 97 98 99 98 96 99 98 98 100 100 98 98 100 97 97 96 95 95 97 96 95 95 98 96 89 96 94 94 89 71 83 62 70 52 52 7 8 8 15 0 0 15 14 28 28 1 1 1 28 32 0 4 1 0 1 29 0 0 40 14 15 8 54 0 28 4 69 69 67 70 0 0 0 0 0 0 0 0 0 0 0 0 0 0 0
100 100 99 100 100 100 97 96 96 100 100 97 96 100 97 99 100 97 97 100 98 98 97 96 97 97 97 96 96 99 98 99 97 96 96 93 100 90 90 90 93 94 95 93 95 85 72 56 56 51 49 68 28 46 47 52 0 0 0 49 33 50 16 36 15 49 46 48 48 0 13 69 65 67 0 0 18 70 70 99 99 0 0 0 3 0 0 0 0 0 0 0 0 0 0 0
44 89 100 100 99 100 100 100 100 100 100 97 100 97 97 97 100 98 98 100 99 95 96 96 94 98 98 99 99 94 96 96 93 99 98 97 99 93 93 95 98 95 100 98 99 96 100 95 95 95 95 95 95 94 69 63 47 47 47 51 83 85 70 52 54 45 65 54 54 65 65 52 70 71 69 72 55 0 0 100 69 0 0 0 3 16 0 0 0 0 0 0 0 0 0 0
0 33 49 96 100 100 100 100 100 100 97 100 100 97 97 100 97 100 100 100 100 100 98 98 96 97 96 91 91 93 98 93 89 89 93 96 96 99 99 99 99 99 97 99 99 99 99 98 98 97 97 98 95 89 80 83 49 2 2 47 49 54 47 35 18 16 15 36 36 1 0 46 52 51 56 0 0 0 0 0 56 0 0 0 0 45 46 0 0 0 0 0 0 0 0 0
0 33 49 96 100 100 100 100 100 100 97 100 100 97 97 100 97 100 100 100 100 100 98 98 96 97 96 91 91 93 98 93 89 89 93 96 96 99 99 99 99 99 97 99 99 99 99 98 98 97 97 98 95 89 80 83 49 2 2 47 49 54 47 35 18 16 15 36 36 1 0 46 52 51 56 0 0 0 0 0 56 0 0 0 0 45 46 0 0 0 0 0 0 0 0 0
0 0 0 0 65 99 100 100 100 100 98 100 100 100 100 99 97 99 99 99 100 98 97 100 100 100 100 100 100 100 96 94 89 92 85 83 82 90 90 89 95 96 97 98 98 99 99 98 98 98 98 97 100 97 95 88 95 93 93 90 52 54 54 68 44 47 49 47 47 0 0 51 56 52 58 0 0 12 12 29 3 0 0 0 0 29 49 49 49 0 0 0 0 0 0 0
0 0 0 0 1 70 99 100 100 100 100 100 100 100 100 100 97 94 94 100 100 95 98 97 97 100 100 100 100 99 99 100 99 96 95 94 78 85 85 72 67 51 54 79 91 93 99 97 97 91 97 93 100 100 100 98 97 97 97 93 93 94 93 93 91 96 94 92 92 89 94 84 67 70 51 28 0 13 13 25 12 0 0 61 41 29 32 44 44 0 0 0 0 0 0 0
0 0 0 0 0 0 0 100 100 100 100 100 100 100 100 100 98 99 99 100 97 99 100 100 97 97 100 97 97 97 100 100 98 99 98 98 98 98 98 90 89 83 74 66 83 95 96 73 73 94 95 96 96 100 100 100 97 96 96 94 95 95 95 96 90 93 93 97 97 98 99 97 97 92 89 80 69 69 69 51 38 44 7 1 59 51 51 3 3 0 0 0 0 0 0 0
0 0 0 0 0 0 0 76 76 99 100 98 100 100 100 100 99 99 99 100 100 98 100 96 97 94 98 97 97 97 98 100 100 100 97 98 100 97 97 98 98 96 96 93 95 95 97 64 64 74 79 83 63 77 80 95 96 96 96 95 95 95 93 93 95 95 95 98 98 98 98 98 89 93 94 94 95 94 94 64 69 72 68 28 0 40 21 15 15 46 0 0 0 0 0 0
0 0 15 0 0 0 0 0 0 52 99 99 100 93 100 100 100 99 99 100 100 98 99 97 99 99 100 97 97 97 99 100 100 100 99 96 100 100 100 100 100 100 100 98 99 100 97 99 99 93 89 84 81 69 60 36 74 32 32 57 77 89 93 93 91 94 95 98 98 98 97 96 96 94 93 97 91 86 86 60 72 60 4 0 0 30 5 0 0 0 1 3 0 0 0 0
0 0 0 0 0 15 0 0 0 0 51 100 99 100 100 97 94 100 100 100 100 99 100 100 98 100 100 97 97 97 97 97 97 100 96 96 97 96 96 100 100 100 100 97 99 100 97 96 96 95 97 96 91 93 77 33 56 44 44 32 27 32 64 67 60 89 95 96 96 96 96 97 98 97 96 97 100 95 95 81 28 43 7 21 0 0 10 0 0 56 10 51 0 0 0 0
0 0 0 0 0 30 0 0 0 0 0 0 97 100 99 100 97 94 94 90 97 100 100 99 100 98 97 97 97 96 100 97 100 100 100 99 97 97 97 100 98 100 98 98 100 99 97 98 98 97 98 100 98 98 94 91 100 80 80 64 60 44 44 46 17 33 68 67 67 68 70 68 88 89 91 95 94 91 91 92 93 92 72 80 60 61 57 72 72 59 3 3 0 0 0 0
31 0 0 0 0 0 24 0 0 0 0 0 0 89 100 100 100 96 96 94 64 89 96 98 99 100 99 100 100 97 96 100 95 100 97 97 100 97 97 100 98 98 99 97 100 97 99 99 99 97 100 98 97 98 97 98 97 98 98 95 94 94 68 66 44 46 37 7 7 0 0 0 33 17 28 36 28 66 66 56 99 100 85 93 95 94 85 86 86 58 69 60 68 0 0 0
76 60 0 0 0 0 0 49 49 0 0 0 0 28 89 100 100 100 100 96 95 93 89 97 97 100 100 100 100 100 97 97 97 96 97 97 100 100 100 100 98 100 100 99 100 100 96 99 99 96 97 100 97 100 97 99 96 100 100 100 98 100 96 93 89 54 54 55 55 62 30 30 52 34 39 56 2 1 1 6 33 0 3 47 45 49 82 89 89 83 85 90 80 44 8 0
76 60 0 0 0 0 0 49 49 0 0 0 0 28 89 100 100 100 100 96 95 93 89 97 97 100 100 100 100 100 97 97 97 96 97 97 100 100 100 100 98 100 100 99 100 100 96 99 99 96 97 100 97 100 97 99 96 100 100 100 98 100 96 93 89 54 54 55 55 62 30 30 52 34 39 56 2 1 1 6 33 0 3 47 45 49 82 89 89 83 85 90 80 44 8 0
81 88 54 60 0 0 0 31 31 0 0 0 0 0 0 84 96 99 99 99 97 96 97 98 100 99 100 100 100 100 100 100 100 99 95 98 97 97 97 100 98 99 100 100 98 100 98 96 96 97 100 100 100 100 100 97 98 96 96 100 98 100 100 98 93 89 94 89 89 64 69 68 69 90 89 87 70 49 49 59 67 0 10 0 0 2 0 31 31 58 60 55 69 57 24 0
97 97 98 49 48 68 0 0 0 63 31 68 0 0 0 0 30 96 96 99 97 99 99 100 97 99 99 98 98 100 100 100 100 100 95 97 97 97 97 100 100 99 97 98 97 100 97 96 96 98 97 97 100 100 100 100 97 100 100 100 100 98 98 97 95 94 96 96 96 87 96 100 91 93 95 96 95 96 96 96 89 89 54 37 0 21 0 37 37 0 60 33 34 65 83 1
98 99 100 99 94 82 60 63 63 65 0 0 0 0 0 0 8 46 46 95 99 99 99 100 98 98 98 99 99 96 98 95 97 100 97 100 95 97 97 98 98 98 98 100 100 100 100 97 97 100 100 97 97 99 99 100 96 96 96 98 97 97 95 98 99 98 98 99 99 96 97 97 96 96 98 98 98 97 97 100 98 98 97 94 93 89 54 42 42 45 44 71 29 76 76 51
98 100 98 97 100 91 67 67 67 33 63 0 28 0 15 0 0 0 0 0 29 89 99 99 99 98 97 99 99 99 96 90 93 97 96 100 99 97 97 98 100 99 100 100 100 98 100 100 100 100 98 100 100 97 98 100 97 98 98 98 94 94 94 97 98 99 99 99 99 99 98 98 97 97 97 98 100 100 100 99 100 99 98 97 99 96 90 96 96 89 67 69 62 60 81 59
97 98 98 100 99 97 91 76 76 55 0 0 53 0 0 3 0 0 0 0 0 51 86 100 99 97 97 96 96 97 97 97 96 89 90 90 89 96 96 100 97 100 100 98 100 98 100 98 98 99 100 98 100 100 100 100 98 98 98 98 96 97 94 96 98 98 98 98 98 98 100 100 100 98 97 97 98 98 98 100 98 100 98 96 94 90 92 89 89 79 90 89 89 80 67 67
98 98 100 98 98 98 92 94 94 86 72 0 53 0 0 0 4 0 0 0 0 0 60 81 90 98 96 97 97 96 100 100 97 98 93 90 89 97 97 97 98 97 98 98 100 99 100 100 100 99 98 99 95 95 99 97 98 96 96 96 97 98 98 97 98 98 98 98 98 99 98 100 97 97 97 96 98 98 98 98 92 89 93 83 81 80 69 51 51 52 60 53 49 54 54 54
99 98 97 100 99 98 98 99 99 96 88 60 59 52 47 29 12 0 0 0 0 0 0 0 6 89 96 97 97 99 100 100 100 100 99 95 96 97 97 96 96 96 96 96 98 99 98 98 98 97 100 100 98 97 97 97 96 96 96 96 99 100 100 100 94 98 98 96 96 96 98 98 98 98 95 95 94 93 93 93 89 89 85 52 52 59 51 69 69 67 68 82 89 89 89 75
98 99 96 98 96 99 99 97 97 99 98 95 97 77 59 31 51 51 51 15 0 0 0 0 0 0 77 97 97 97 98 100 100 100 99 100 92 96 96 93 92 90 94 89 96 98 99 96 96 96 98 97 98 97 97 96 97 96 96 98 95 96 94 92 97 97 98 96 96 98 98 97 98 97 99 94 96 82 82 83 69 86 89 96 95 95 91 93 93 98 90 93 96 97 96 93
99 97 97 95 100 100 100 100 100 100 98 97 99 97 88 71 65 34 34 60 24 0 0 0 0 0 0 53 53 95 97 99 98 100 99 99 96 96 96 95 93 93 80 85 89 86 89 91 91 89 96 96 97 97 97 98 98 98 98 98 95 99 96 93 96 96 96 96 96 96 96 96 96 96 96 89 89 93 93 98 96 89 97 96 99 95 93 96 96 97 96 98 97 99 98 96
99 97 97 95 100 100 100 100 100 100 98 97 99 97 88 71 65 34 34 60 24 0 0 0 0 0 0 53 53 95 97 99 98 100 99 99 96 96 96 95 93 93 80 85 89 86 89 91 91 89 96 96 97 97 97 98 98 98 98 98 95 99 96 93 96 96 96 96 96 96 96 96 96 96 96 89 89 93 93 98 96 89 97 96 99 95 93 96 96 97 96 98 97 99 98 96
99 98 97 97 97 100 99 100 100 98 100 100 98 100 100 85 60 65 65 60 45 2 0 0 0 0 0 53 53 65 86 98 89 96 95 99 100 100 100 100 96 96 89 94 80 69 80 80 80 60 69 85 89 96 96 96 97 97 97 100 98 97 98 99 93 89 98 95 95 78 89 96 93 96 96 96 98 97 97 96 97 94 99 98 99 99 95 96 96 96 96 97 95 98 97 98
99 99 95 95 97 100 99 98 98 95 97 97 100 98 98 98 93 65 65 60 60 65 51 0 0 0 0 0 0 37 48 86 98 94 100 96 99 100 100 99 99 98 95 96 93 91 91 89 89 69 67 33 61 59 96 98 96 98 98 98 98 100 100 98 95 100 97 97 97 96 96 93 98 98 100 98 98 94 94 94 91 98 98 97 97 97 96 93 93 93 96 99 95 98 93 97
99 99 97 97 97 97 98 99 99 100 100 95 99 99 96 96 94 85 85 89 69 69 57 48 0 0 0 0 0 0 0 37 86 79 100 92 99 100 100 100 97 99 99 99 93 92 97 95 95 95 85 57 51 56 67 70 89 95 95 95 94 99 98 97 98 98 96 95 95 94 91 93 97 98 98 97 94 94 94 93 94 93 89 94 96 97 94 93 93 99 98 100 100 98 98 98
96 100 99 99 98 100 97 100 100 98 97 97 100 99 98 97 93 96 96 100 98 85 60 65 0 0 0 0 0 0 19 29 59 84 86 96 97 100 100 100 99 97 99 97 97 99 99 96 96 96 96 89 85 83 80 0 51 41 41 90 89 96 99 98 98 98 96 98 98 93 99 97 96 100 98 93 98 94 94 93 85 97 86 93 96 93 93 93 93 97 98 97 98 100 98 98
97 99 100 98 98 96 98 100 100 100 99 98 100 98 98 95 99 98 98 99 98 95 66 61 58 12 0 0 0 0 0 39 51 60 86 93 95 97 97 97 95 97 98 97 99 99 99 96 96 96 89 85 80 86 81 69 67 0 0 51 60 88 80 95 94 96 99 98 98 96 99 99 99 99 94 93 98 98 98 94 85 96 98 90 90 96 97 97 97 90 96 97 97 98 97 98
79 95 96 97 96 96 98 100 100 100 97 99 98 100 100 98 98 99 99 100 99 100 91 71 65 24 39 0 0 0 0 0 0 14 0 11 54 99 99 93 95 100 99 97 99 98 99 98 98 98 96 86 85 90 47 85 87 83 83 73 59 16 2 51 76 78 89 93 93 96 96 96 99 99 95 95 96 94 94 90 98 96 98 97 97 95 97 90 90 97 97 93 97 98 99 97
95 96 98 98 100 94 93 97 97 98 98 100 99 100 97 98 97 99 99 100 99 98 98 90 69 63 20 0 0 0 0 0 0 0 0 0 0 99 99 99 100 100 99 99 99 98 100 99 99 99 98 91 96 84 51 67 71 84 84 81 59 47 31 59 29 100 68 54 54 82 89 95 97 97 97 96 98 97 97 96 96 90 94 90 89 97 95 97 97 97 97 91 97 95 98 97
100 93 97 100 100 96 92 94 94 98 98 99 99 98 97 96 100 98 98 98 99 99 99 91 93 80 75 28 28 8 0 0 0 0 0 0 0 59 59 99 100 99 99 98 100 99 99 99 99 99 100 100 99 96 93 73 51 79 79 68 49 60 100 42 40 100 60 0 0 1 47 67 80 86 83 82 95 96 96 94 91 96 89 90 97 97 97 94 94 98 97 93 93 97 98 97
90 92 81 98 99 100 99 99 99 89 90 95 97 99 98 97 99 99 99 97 97 97 98 98 100 96 84 65 65 21 20 0 0 0 0 0 0 0 0 33 31 90 100 100 100 98 97 99 99 97 100 98 99 99 99 95 98 92 92 93 66 60 70 33 37 0 28 17 17 28 24 24 28 58 60 50 24 67 67 76 79 80 91 98 99 97 99 98 98 99 93 94 97 96 97 97
