sandbox/hansen.asc
ncols        458
nrows        392
xllcorner    -64.781500000000
yllcorner    -3.279000000000
cellsize     0.000250000000
[rows 0 to 55 of 392, columns 0 to 95 of 458]
100 100 100 100 100 100 100 100 100 100 100 100 100 100 100 100 100 99 95 89 89 72 58 60 71 39 39 20 17 60 0 60 60 62 60 49 49 51 47 60 68 96 96 89 39 39 39 96 95 95 62 89 95 90 98 95 95 93 94 90 95 92 93 84 89 71 71 49 0 0 0 0 0 0 0 0 0 0 0 0 0 0 0 0 0 0 0 0 0 0 0 0 0 0 0 0
100 100 100 100 100 100 100 100 100 99 100 100 100 100 100 100 100 100 100 100 96 64 56 74 76 73 73 59 47 52 44 58 76 80 87 52 52 52 45 39 68 80 97 96 80 39 39 95 90 95 89 89 94 90 90 90 90 94 94 93 95 94 80 67 73 62 62 79 56 54 1 0 2 0 0 0 0 0 0 0 0 0 0 0 0 0 0 0 0 0 0 0 0 0 0 0
100 100 100 100 99 100 100 100 100 100 100 100 100 100 99 100 100 100 100 100 100 93 77 71 85 68 68 57 54 52 61 58 76 87 87 67 67 67 47 14 46 62 95 97 95 51 51 69 93 97 97 89 95 98 95 97 97 94 95 93 93 78 72 72 63 83 83 71 62 79 63 0 1 8 0 0 0 0 0 0 0 0 0 0 0 0 0 0 0 0 0 0 0 0 0 0
100 99 100 100 100 100 100 100 99 100 100 98 100 100 100 100 100 100 100 100 100 100 100 93 94 84 84 74 68 70 80 65 64 84 74 65 65 52 49 44 47 61 91 98 97 95 95 39 89 94 95 95 93 95 93 95 95 93 93 89 86 71 80 54 77 89 89 92 68 54 71 54 7 15 15 0 0 0 0 0 0 0 0 0 0 0 0 0 0 0 0 0 0 0 0 0
99 99 100 100 100 100 100 100 100 100 99 99 99 99 100 100 100 100 100 100 100 100 100 100 100 100 100 98 99 97 89 87 69 65 78 73 73 65 52 8 52 82 80 95 98 97 97 51 68 89 95 93 95 94 97 95 95 87 86 94 92 80 71 72 74 79 79 93 92 89 54 86 44 1 1 17 17 12 0 0 0 0 0 0 0 0 0 0 0 0 0 0 0 0 0 0
100 100 97 100 98 100 100 100 100 100 100 100 100 99 100 100 100 100 100 99 100 100 100 100 100 100 100 100 100 100 100 100 93 94 94 96 96 94 80 72 60 69 67 89 96 98 98 49 40 72 84 95 92 94 94 95 95 76 96 94 92 79 57 72 84 93 93 67 80 79 56 55 60 19 0 1 1 49 0 0 0 0 0 0 0 0 0 0 0 0 0 0 0 0 0 0
100 100 97 100 98 100 100 100 100 100 100 100 100 99 100 100 100 100 100 99 100 100 100 100 100 100 100 100 100 100 100 100 93 94 94 96 96 94 80 72 60 69 67 89 96 98 98 49 40 72 84 95 92 94 94 95 95 76 96 94 92 79 57 72 84 93 93 67 80 79 56 55 60 19 0 1 1 49 0 0 0 0 0 0 0 0 0 0 0 0 0 0 0 0 0 0
100 100 100 100 100 100 100 100 100 100 100 100 100 100 99 99 99 100 100 100 100 100 100 100 100 100 100 100 100 100 100 100 100 98 100 100 100 100 100 89 85 84 80 64 92 98 98 62 47 52 89 96 95 91 95 100 100 95 98 95 89 93 67 55 73 86 86 71 36 79 66 42 15 54 0 0 0 3 21 3 0 0 0 0 0 0 0 0 0 0 0 0 0 0 0 0
100 100 100 100 100 100 100 100 100 100 100 100 99 99 99 99 99 100 100 100 100 100 100 100 100 100 100 100 100 100 97 99 99 96 96 97 97 99 100 95 94 96 93 70 80 100 100 89 49 31 85 95 100 90 96 89 89 97 95 97 89 81 78 67 57 93 93 89 88 50 53 52 44 22 0 0 0 14 2 15 3 0 0 0 0 0 0 0 0 0 0 0 0 0 0 0
100 100 100 100 100 100 100 100 100 100 100 100 100 100 100 100 100 100 99 100 100 100 100 100 100 100 100 100 100 99 100 96 88 84 80 80 80 90 97 95 92 89 89 82 89 100 100 100 87 17 68 90 95 100 97 96 96 90 90 95 90 90 90 70 28 49 49 87 82 64 80 7 36 0 54 48 48 0 1 0 0 0 0 0 0 0 0 0 0 0 0 0 0 0 0 0
100 100 99 100 100 100 100 100 100 100 100 100 100 100 100 100 100 100 99 99 100 100 100 100 100 100 100 100 97 96 92 93 94 96 100 99 99 99 99 97 91 95 93 96 100 100 100 100 97 67 13 80 94 100 100 100 100 95 95 90 95 97 85 68 18 0 0 52 81 73 79 17 62 61 0 51 51 35 0 30 63 68 0 0 0 0 0 0 0 0 0 0 0 0 0 0
100 100 100 100 100 100 100 100 100 100 100 100 100 100 100 100 100 100 100 100 100 100 100 100 100 100 100 100 100 98 99 99 100 100 100 98 98 94 96 96 96 100 100 100 100 100 100 100 100 90 48 65 94 98 100 100 100 94 95 93 95 95 94 89 72 0 0 30 67 84 76 71 41 19 0 63 63 44 7 0 37 0 0 20 0 0 0 0 0 0 0 0 0 0 0 0
100 100 100 100 100 100 100 100 100 100 100 100 100 100 100 100 100 100 98 100 99 100 100 100 100 100 100 100 100 100 100 100 100 98 93 93 93 90 98 100 100 100 100 100 100 100 100 100 100 100 96 73 69 96 100 100 100 90 95 94 94 98 95 93 67 30 30 68 55 89 76 77 66 19 17 65 65 60 48 60 44 0 0 2 0 0 0 0 0 0 0 0 0 0 0 0
100 100 100 100 100 100 100 100 100 100 100 100 100 100 99 100 100 100 100 100 100 97 97 99 98 96 96 98 93 97 96 97 93 89 90 98 98 100 100 100 100 100 100 100 100 100 100 100 100 100 100 83 68 73 99 99 99 93 92 95 94 95 95 93 72 89 89 62 52 54 75 67 53 49 71 44 44 51 55 55 60 17 0 0 7 0 0 0 0 0 0 0 0 0 0 0
95 99 95 98 100 100 100 100 100 100 100 100 100 100 100 100 100 100 100 100 100 100 96 97 96 93 93 94 99 95 93 97 97 98 100 100 100 97 100 100 100 100 100 100 100 100 100 100 100 100 100 99 69 68 90 97 97 100 89 94 96 93 94 95 94 89 89 79 54 55 54 54 44 54 78 72 72 45 55 51 43 37 4 20 0 0 0 0 0 0 0 0 0 0 0 0
95 72 64 80 79 94 94 97 98 98 100 97 100 100 97 100 100 100 100 99 100 100 100 100 100 98 98 100 100 100 100 100 100 100 100 100 100 100 100 100 100 100 100 100 100 100 100 100 100 100 100 100 93 37 67 89 89 98 95 93 93 93 94 93 93 94 94 67 54 66 46 51 54 71 53 77 77 55 50 42 1 21 17 27 0 1 1 0 0 0 0 0 0 0 0 0
95 72 64 80 79 94 94 97 98 98 100 97 100 100 97 100 100 100 100 99 100 100 100 100 100 98 98 100 100 100 100 100 100 100 100 100 100 100 100 100 100 100 100 100 100 100 100 100 100 100 100 100 93 37 67 89 89 98 95 93 93 93 94 93 93 94 94 67 54 66 46 51 54 71 53 77 77 55 50 42 1 21 17 27 0 1 1 0 0 0 0 0 0 0 0 0
98 96 90 94 84 0 0 2 0 0 85 96 93 95 100 100 100 100 100 97 98 100 97 100 100 100 100 100 100 100 100 100 100 100 100 100 100 100 100 99 97 92 94 94 96 98 98 100 100 100 100 99 97 89 60 52 52 90 95 89 96 98 96 96 96 95 95 92 55 5 33 47 47 54 52 77 77 63 61 37 19 64 60 0 0 0 0 0 0 0 0 0 0 0 0 0
100 100 100 100 97 94 94 82 0 0 0 0 0 0 0 0 0 97 97 97 93 94 100 96 97 98 98 98 98 95 99 98 95 89 85 87 87 90 68 49 49 32 68 89 94 97 97 98 100 100 100 100 97 98 44 48 48 55 92 95 96 98 95 95 94 93 93 92 93 52 54 54 54 63 55 63 63 77 62 72 30 69 62 2 0 0 0 0 0 0 0 0 0 0 0 0
100 100 100 100 100 100 100 100 100 100 97 96 82 0 0 0 0 0 0 0 0 0 0 0 0 0 0 0 0 62 69 76 71 7 53 23 23 56 35 0 36 84 54 68 75 69 69 83 91 94 93 98 100 100 97 71 71 37 69 95 95 95 94 93 99 95 95 92 95 79 54 52 66 63 60 93 93 93 93 61 67 82 62 72 0 0 0 0 0 0 20 0 0 0 0 0
100 100 100 100 100 100 100 100 100 97 100 100 98 97 89 90 90 95 90 82 82 95 96 0 0 0 0 0 0 0 0 0 0 0 0 0 0 0 0 0 0 0 0 0 0 69 69 49 69 64 96 100 100 100 96 89 89 62 32 82 92 95 94 99 99 100 100 89 99 93 54 33 54 79 54 94 94 93 90 77 55 71 62 79 0 0 0 21 20 0 5 13 0 0 0 0
100 100 100 100 100 100 100 100 100 100 100 100 100 100 100 100 100 100 99 96 94 89 69 83 54 63 63 72 55 49 69 60 17 41 19 51 51 29 27 81 0 0 0 0 68 84 84 89 96 99 99 100 100 100 100 100 100 84 84 60 92 89 94 95 98 95 95 98 97 95 93 17 41 61 92 94 94 93 78 93 67 51 0 89 68 14 14 1 0 0 0 0 0 0 0 0
100 100 100 100 100 100 100 100 97 100 100 100 100 100 100 100 100 100 100 100 100 100 100 95 96 95 95 96 86 88 93 89 86 82 89 89 89 98 98 98 100 98 98 99 100 98 98 98 100 100 100 100 100 100 100 100 100 98 51 29 41 81 96 96 95 97 97 93 95 89 94 79 15 41 79 77 77 77 54 89 71 71 61 37 64 74 74 11 12 1 0 0 1 4 0 0
100 100 100 100 100 100 100 100 100 100 100 100 100 100 100 100 100 100 100 100 100 100 100 99 100 98 98 99 98 96 96 96 98 98 100 100 100 100 100 100 100 100 100 100 100 100 100 100 100 97 97 97 100 100 99 99 99 100 97 66 32 72 78 100 87 89 89 90 93 79 90 86 99 44 55 93 93 73 67 77 71 93 77 52 77 83 83 55 18 7 0 0 0 0 0 0
100 99 100 100 100 100 100 100 99 100 100 100 100 100 100 100 100 100 100 100 100 100 100 100 100 100 100 100 100 100 100 100 100 100 100 97 97 100 100 100 100 100 100 100 100 100 100 100 96 97 97 97 100 100 100 98 98 100 100 96 51 23 80 100 87 89 89 87 94 93 93 93 99 99 32 54 54 78 71 83 90 67 71 0 0 60 60 79 52 33 63 0 0 2 0 4
100 100 100 100 100 100 100 100 100 100 100 100 100 100 100 100 100 100 100 100 100 100 100 100 100 100 100 100 100 100 100 100 100 100 100 100 100 100 100 100 100 97 100 100 100 100 100 98 97 100 100 100 100 100 100 100 100 97 95 96 89 52 33 69 85 55 55 90 89 96 94 94 95 14 62 53 53 55 58 90 86 92 84 54 0 0 0 48 74 69 45 0 0 20 0 0
100 100 100 100 100 100 100 100 100 100 100 100 100 100 100 100 100 100 100 100 100 100 100 100 100 100 100 100 100 100 100 100 100 100 100 100 100 100 100 100 100 97 100 100 100 100 100 98 97 100 100 100 100 100 100 100 100 97 95 96 89 52 33 69 85 55 55 90 89 96 94 94 95 14 62 53 53 55 58 90 86 92 84 54 0 0 0 48 74 69 45 0 0 20 0 0
100 100 100 100 100 100 100 100 97 100 100 100 100 100 100 100 100 100 100 97 100 100 100 100 100 100 100 100 100 100 100 100 100 100 100 100 100 100 100 100 99 100 100 100 100 100 100 100 100 100 98 99 100 100 100 97 97 84 89 95 95 60 51 26 51 75 75 90 65 90 89 94 97 78 58 26 26 81 71 89 84 70 78 89 49 0 0 13 0 55 58 17 0 0 0 0
100 100 100 100 100 100 100 100 100 100 100 100 100 100 100 100 100 100 100 100 100 100 100 100 100 100 100 100 100 100 100 100 100 100 100 100 100 100 100 100 100 100 100 100 100 100 100 100 100 100 100 100 100 100 98 78 78 59 86 98 97 94 33 17 28 1 1 54 89 92 94 90 93 89 89 42 42 71 54 67 89 85 78 89 71 19 19 4 19 49 85 52 0 12 20 0
100 100 100 100 100 100 100 100 100 100 100 100 100 100 100 100 100 100 100 100 100 100 100 100 100 100 100 100 100 100 100 100 100 100 100 100 100 97 100 100 100 100 100 100 100 100 100 100 100 99 98 100 99 97 85 51 51 69 97 100 100 98 82 51 34 49 49 55 81 89 96 96 95 92 89 50 50 31 70 93 89 77 71 89 92 89 89 17 0 0 77 85 62 0 2 0
100 100 100 100 100 100 100 100 100 100 100 100 100 100 100 100 100 100 100 100 100 100 100 97 100 100 100 100 100 100 100 97 100 100 100 100 100 100 100 100 100 100 100 100 100 100 100 100 100 100 100 100 100 85 71 82 82 97 100 100 100 100 93 57 25 21 21 59 70 54 90 97 94 100 96 89 89 31 5 54 67 55 55 93 93 89 89 78 33 0 45 74 22 0 0 0
100 100 100 100 100 100 100 100 100 100 100 100 100 100 100 100 100 100 100 100 100 100 100 100 100 100 100 100 100 100 100 100 100 100 100 97 97 100 100 100 100 100 100 100 100 100 100 100 100 100 100 100 89 64 64 98 98 100 100 100 100 100 95 80 26 33 33 44 46 76 90 90 96 100 94 94 94 74 32 48 61 58 54 89 89 89 89 62 33 3 0 31 72 15 4 0
100 100 100 100 100 100 100 100 100 100 100 100 100 100 100 100 100 100 100 100 100 100 100 100 100 100 100 100 100 100 100 100 100 100 100 100 100 100 100 100 100 100 100 100 100 100 100 100 100 100 99 99 82 87 98 100 100 100 100 100 100 100 96 93 51 36 36 47 34 69 84 89 91 91 98 94 94 85 47 5 5 69 54 82 89 83 83 82 82 73 0 17 37 17 0 0
100 100 100 100 100 100 100 100 100 100 100 100 100 100 100 100 100 100 100 100 100 100 100 100 100 100 100 100 100 97 100 100 100 100 100 100 100 100 100 100 100 100 100 100 100 100 100 100 100 100 100 99 98 100 100 100 100 100 100 100 100 100 99 99 86 36 36 52 26 47 69 78 96 89 89 89 89 89 58 5 5 46 61 89 93 93 93 83 69 44 0 32 33 2 32 0
100 100 100 100 100 100 100 100 100 100 97 100 100 100 100 100 100 100 100 100 100 100 100 100 100 100 100 100 100 100 100 100 100 100 100 100 100 97 100 100 100 100 100 100 100 100 100 100 100 98 100 100 100 100 100 100 100 100 100 100 100 99 98 100 99 57 57 25 48 53 63 64 87 89 89 90 90 89 89 81 32 30 0 89 93 93 93 74 83 74 46 21 0 37 31 12
100 100 100 100 100 100 100 100 100 100 100 100 100 100 100 100 100 100 100 100 100 100 100 100 100 100 100 100 100 100 100 100 100 100 100 100 100 100 100 100 97 100 100 100 100 100 100 100 100 98 100 98 100 100 100 100 100 100 100 100 100 98 100 100 100 95 95 30 36 44 0 28 69 86 95 85 85 79 71 41 7 16 0 77 77 92 92 93 94 58 44 0 0 15 37 24
100 100 100 100 100 100 100 100 100 100 100 100 100 100 100 100 100 100 100 100 100 100 100 100 100 100 100 100 100 100 100 100 100 100 100 100 100 100 100 100 97 100 100 100 100 100 100 100 100 98 100 98 100 100 100 100 100 100 100 100 100 98 100 100 100 95 95 30 36 44 0 28 69 86 95 85 85 79 71 41 7 16 0 77 77 92 92 93 94 58 44 0 0 15 37 24
100 100 100 100 100 100 100 100 100 100 100 100 100 100 100 100 100 100 100 100 100 100 100 100 100 100 100 100 100 100 100 100 100 100 100 100 100 100 100 100 100 100 100 100 100 100 100 100 100 100 100 100 100 100 100 100 100 100 100 100 100 100 100 100 100 100 100 90 45 7 65 18 61 86 89 93 93 87 79 68 16 0 5 75 72 90 90 89 89 77 89 0 0 32 55 0
100 100 100 100 100 100 100 97 100 100 100 100 100 100 100 100 100 100 100 100 100 100 100 99 99 100 100 100 100 100 100 100 100 100 100 100 100 100 100 100 100 100 100 100 100 100 100 100 100 100 100 100 100 100 100 100 100 100 100 100 100 100 100 100 100 100 100 100 94 0 1 31 22 67 84 96 96 94 79 79 53 16 73 73 75 88 88 70 72 55 54 54 0 0 48 0
97 100 100 100 100 100 100 100 100 100 100 100 100 100 100 100 100 100 100 100 100 100 100 100 100 100 100 100 100 100 100 100 100 100 100 100 100 100 100 100 100 100 100 99 100 100 100 98 100 100 100 100 100 100 100 100 100 100 100 100 100 100 100 100 100 100 100 100 98 75 0 52 17 70 84 89 89 85 87 86 84 76 73 21 73 0 0 71 89 93 82 64 62 69 0 14
100 100 100 100 100 100 100 100 99 100 100 100 100 100 100 100 100 100 100 100 100 100 100 100 100 100 100 100 100 100 100 100 100 100 100 100 100 100 100 100 100 100 100 100 100 100 100 100 100 100 100 100 100 100 100 100 100 100 100 100 100 100 100 100 100 100 100 98 100 96 0 17 31 36 68 89 89 84 84 72 82 83 59 20 28 76 76 70 70 71 82 62 54 52 0 25
100 100 100 100 100 100 100 100 100 100 100 100 100 100 100 100 100 100 100 100 100 100 100 100 100 100 100 100 100 98 98 99 100 100 100 100 100 100 100 100 100 100 100 100 100 100 100 100 100 100 100 100 100 100 100 100 100 100 99 100 100 100 100 100 100 100 100 100 100 98 66 0 32 31 60 94 94 85 73 87 80 89 43 30 14 32 32 32 17 47 79 53 45 0 55 54
100 97 100 100 100 100 100 100 100 100 100 100 100 100 100 100 100 100 100 100 100 100 100 100 100 100 100 100 100 100 99 100 100 100 100 100 100 100 100 100 100 100 100 100 100 100 100 100 100 100 100 100 99 100 100 100 100 100 100 95 100 100 100 100 100 100 100 100 100 100 89 30 0 39 52 89 89 90 79 89 89 89 80 72 76 60 60 0 0 67 71 55 36 55 44 47
100 100 100 100 96 100 100 100 100 100 100 100 100 100 100 100 100 100 100 100 100 100 100 100 100 100 100 100 100 100 100 97 100 98 100 100 100 100 100 100 100 97 97 100 100 100 100 100 100 97 100 100 100 100 100 100 100 100 100 100 99 96 97 100 100 100 100 100 100 100 98 42 32 63 28 44 44 77 90 73 89 96 89 73 55 57 57 0 72 54 73 83 58 52 54 54
100 100 100 100 100 100 100 100 100 100 100 100 100 100 100 100 100 100 97 100 100 100 100 100 100 100 100 100 100 100 100 100 100 100 100 100 100 100 100 100 97 100 97 100 97 100 100 100 100 97 100 100 100 100 100 100 100 100 100 100 100 94 93 96 98 100 100 100 100 100 100 95 39 75 30 0 0 71 93 89 96 95 96 78 51 40 40 67 54 42 55 93 78 81 88 58
100 100 100 100 100 100 100 97 100 100 100 100 100 100 100 100 100 100 100 100 100 100 100 100 100 100 100 100 100 100 100 100 100 100 100 100 100 100 100 100 98 99 100 100 100 100 100 100 100 100 100 100 97 100 100 100 100 100 100 100 100 100 99 95 95 99 99 100 100 100 100 100 80 80 47 48 48 64 89 93 95 93 90 82 72 28 28 0 0 38 60 77 93 54 68 93
100 100 100 100 100 100 100 97 100 100 100 100 100 100 100 100 100 100 100 100 100 100 100 100 100 100 100 100 100 100 100 100 100 100 100 100 100 100 100 100 98 99 100 100 100 100 100 100 100 100 100 100 97 100 100 100 100 100 100 100 100 100 99 95 95 99 99 100 100 100 100 100 80 80 47 48 48 64 89 93 95 93 90 82 72 28 28 0 0 38 60 77 93 54 68 93
100 100 100 100 100 100 100 100 100 100 100 100 100 100 98 100 100 100 100 100 100 100 100 100 100 100 100 100 100 100 100 100 100 100 100 100 100 100 98 100 100 100 100 100 100 100 100 100 100 98 98 100 99 100 100 100 100 100 100 100 100 100 100 100 96 99 99 99 100 100 100 100 98 86 69 57 57 80 84 90 79 84 89 82 76 55 55 38 61 0 38 77 85 90 80 43
100 100 100 100 100 100 100 100 100 97 100 100 100 100 100 100 100 100 100 100 100 100 100 100 100 100 100 100 100 100 100 100 100 100 100 98 98 100 100 100 100 100 100 100 100 100 100 100 97 100 100 100 98 100 100 100 100 100 100 100 100 100 100 100 100 100 100 100 100 100 100 98 98 85 65 69 69 56 67 89 83 82 84 94 94 77 77 44 28 0 0 38 55 67 54 54
100 100 100 100 100 100 100 97 100 97 97 100 100 100 100 100 100 100 100 100 100 100 99 100 100 100 100 100 99 100 100 100 100 100 100 100 100 100 100 100 100 100 100 100 100 100 100 100 100 99 99 100 100 100 99 100 100 100 100 100 100 100 100 100 100 100 100 100 100 100 100 100 100 98 64 62 62 52 64 71 89 95 83 96 96 79 79 58 47 15 0 46 38 80 82 55
100 100 100 100 100 100 100 100 100 100 100 100 100 100 100 100 100 100 100 100 100 100 100 100 100 98 98 100 100 100 100 98 100 100 100 99 99 100 100 100 100 100 100 100 100 100 100 100 100 100 100 99 100 100 100 100 100 100 100 100 100 100 100 100 100 100 100 100 100 100 100 100 100 98 86 33 33 59 6 11 55 94 95 97 97 96 96 71 40 0 0 0 47 60 70 55
100 100 97 100 100 100 100 100 100 100 100 100 100 100 100 100 100 100 100 100 100 100 100 100 100 98 98 100 100 100 100 100 100 100 100 100 100 100 97 97 100 100 97 100 96 96 96 100 100 100 100 100 100 100 100 98 98 100 100 100 100 100 100 100 100 100 100 100 100 100 100 100 100 100 93 38 38 22 7 49 44 89 97 96 97 96 96 97 47 35 8 0 18 44 72 54
100 100 100 100 100 100 100 100 100 100 100 100 100 100 100 100 100 100 100 97 100 100 100 100 100 100 100 100 100 100 100 100 100 100 100 100 100 100 100 100 100 100 100 100 99 97 97 97 93 95 100 100 100 100 100 100 100 100 100 100 100 100 100 100 100 100 100 100 100 100 100 100 100 100 100 84 84 62 31 0 40 74 97 95 96 96 96 96 93 44 0 0 28 0 51 50
100 100 100 100 100 100 100 100 100 100 100 100 100 100 100 100 100 100 100 100 100 100 100 100 100 100 100 100 100 100 100 100 100 100 100 100 100 100 100 100 100 100 100 100 100 98 98 99 98 98 99 97 99 100 100 100 100 100 100 100 100 100 99 100 100 100 100 100 100 100 100 100 100 100 100 98 98 87 37 68 55 67 98 97 89 93 93 93 94 67 51 0 30 28 32 44
100 100 100 100 100 97 97 100 100 100 100 100 100 100 97 100 100 100 100 100 100 100 100 100 100 100 100 100 100 100 100 100 100 100 100 100 100 100 100 100 100 100 100 100 98 100 100 99 99 98 100 100 100 100 100 100 100 100 100 100 100 100 100 100 100 100 100 100 97 100 100 97 100 99 100 97 97 89 53 44 38 15 89 93 89 95 95 96 89 89 93 42 28 34 28 35
100 100 100 100 97 100 100 100 100 97 100 100 100 97 100 97 97 97 100 100 100 100 100 100 100 100 100 100 100 100 100 100 100 100 100 100 100 100 100 100 100 100 100 99 97 98 98 96 98 98 98 99 99 100 100 100 100 100 98 100 100 100 100 100 100 100 100 100 97 97 97 100 97 99 100 100 100 98 83 79 2 59 75 95 90 85 85 86 89 94 89 89 75 48 33 47
