sandbox/hansen.asc
ncols        458
nrows        392
xllcorner    -64.781500000000
yllcorner    -3.279000000000
cellsize     0.000250000000
[rows 224 to 279 of 392, columns 192 to 287 of 458]
58 67 93 94 94 97 89 92 89 84 76 78 100 99 99 98 100 99 100 100 99 100 100 100 100 100 100 100 100 100 100 100 100 99 99 100 97 100 100 100 95 74 17 37 37 30 24 0 68 78 95 98 97 100 100 100 97 97 98 98 91 93 96 99 99 98 95 93 95 97 89 52 33 2 2 39 0 0 93 95 99 100 97 99 99 99 97 85 1 51 0 0 0 0 0 47
0 79 96 93 93 93 86 86 75 80 89 91 96 97 97 100 100 99 97 99 100 100 100 97 97 98 100 100 100 100 100 100 100 97 97 100 97 100 100 100 99 93 87 59 59 48 37 19 7 31 72 93 96 97 97 100 100 100 99 98 97 96 99 100 100 96 97 100 95 99 93 94 58 38 38 30 59 36 37 43 100 89 98 99 99 100 100 100 100 95 86 45 51 18 18 0
0 79 96 93 93 93 86 86 75 80 89 91 96 97 97 100 100 99 97 99 100 100 100 97 97 98 100 100 100 100 100 100 100 97 97 100 97 100 100 100 99 93 87 59 59 48 37 19 7 31 72 93 96 97 97 100 100 100 99 98 97 96 99 100 100 96 97 100 95 99 93 94 58 38 38 30 59 36 37 43 100 89 98 99 99 100 100 100 100 95 86 45 51 18 18 0
60 79 81 93 93 98 79 68 89 89 89 99 100 100 100 100 100 100 96 98 100 100 100 100 100 100 100 100 100 100 100 100 100 100 100 97 100 100 100 100 98 99 96 95 95 73 22 21 12 0 30 52 69 89 89 98 100 100 100 100 100 100 98 100 100 99 98 97 100 99 96 100 97 64 64 69 7 38 57 0 0 91 100 96 96 100 100 100 100 97 100 87 69 89 89 50
55 60 85 85 85 95 89 89 95 97 97 100 100 100 100 100 100 98 97 95 99 100 97 100 100 100 100 100 99 100 100 100 100 100 100 97 100 100 100 100 99 98 100 98 98 93 81 44 49 50 11 0 51 50 50 79 83 89 100 100 100 100 100 98 98 98 98 95 95 100 98 100 91 93 93 94 67 41 55 4 71 89 68 66 66 89 95 97 100 97 99 100 95 95 95 54
0 16 84 85 85 99 98 96 96 97 99 97 97 100 100 100 100 99 100 100 100 99 99 100 100 100 100 100 100 100 100 100 100 100 100 100 100 100 98 98 100 97 95 96 96 97 96 74 60 60 73 38 48 47 47 2 51 62 87 100 100 100 100 100 100 100 100 96 95 98 99 100 99 95 95 100 97 99 83 74 52 51 53 35 35 89 90 95 95 96 97 100 99 100 100 95
0 0 50 91 91 98 100 94 95 96 97 97 98 100 100 100 100 100 98 100 99 100 99 100 100 100 100 100 97 100 100 100 100 99 99 100 100 100 98 98 98 96 98 100 100 97 93 96 89 69 55 86 44 44 44 27 0 22 2 52 89 95 97 100 100 98 98 99 99 99 100 100 100 100 100 99 98 100 92 95 89 21 10 3 3 51 0 60 79 89 96 97 98 98 98 99
33 0 73 85 85 89 97 95 96 91 95 97 100 100 100 100 100 100 100 99 99 97 100 100 100 100 100 100 99 100 100 99 100 98 98 100 100 100 100 99 98 98 97 95 95 97 95 97 96 95 85 44 29 49 49 0 34 22 1 60 32 63 63 89 89 96 98 98 100 98 98 97 97 98 98 100 100 100 99 100 100 69 49 30 30 50 53 53 61 57 85 95 94 97 97 99
60 0 30 69 69 86 96 97 86 93 90 100 98 100 100 100 100 100 100 99 100 100 99 100 100 100 100 100 100 100 100 97 100 100 100 100 100 100 97 100 97 100 95 93 93 95 96 95 91 93 89 89 51 0 0 0 38 0 0 3 3 33 0 41 41 80 89 96 100 97 100 100 98 100 100 100 100 100 100 100 100 96 89 73 73 59 30 26 79 60 46 57 89 91 91 97
14 0 0 57 57 82 98 99 86 87 96 100 100 98 98 100 100 100 100 100 99 100 100 97 97 100 100 100 100 100 100 100 100 100 100 98 98 100 100 100 97 100 96 97 97 92 89 88 69 69 37 89 62 69 69 3 0 16 0 22 0 31 14 2 2 26 57 51 89 97 100 97 100 100 100 100 100 100 100 98 99 100 98 89 89 65 65 52 70 43 71 59 81 86 86 82
3 0 0 48 48 65 89 84 85 93 93 98 100 98 98 97 100 100 100 100 100 99 100 100 100 99 100 98 100 97 97 100 100 100 100 99 99 98 97 100 98 97 98 91 91 96 95 69 69 51 6 29 51 51 51 44 0 0 0 0 20 0 0 0 0 0 37 33 39 89 93 95 97 100 100 100 100 100 100 98 97 100 98 96 96 97 89 71 55 52 48 59 60 31 31 69
44 2 0 22 22 50 89 81 84 64 93 94 97 99 99 99 100 100 100 100 99 100 100 99 99 99 96 97 100 100 100 100 100 100 100 100 100 97 98 98 98 96 95 96 96 91 89 96 87 65 0 0 18 0 0 0 0 0 0 0 3 0 0 0 0 0 0 0 0 3 73 67 89 98 98 97 100 100 98 99 97 100 100 98 98 98 100 100 95 81 60 40 23 47 47 51
44 2 0 22 22 50 89 81 84 64 93 94 97 99 99 99 100 100 100 100 99 100 100 99 99 99 96 97 100 100 100 100 100 100 100 100 100 97 98 98 98 96 95 96 96 91 89 96 87 65 0 0 18 0 0 0 0 0 0 0 3 0 0 0 0 0 0 0 0 3 73 67 89 98 98 97 100 100 98 99 97 100 100 98 98 98 100 100 95 81 60 40 23 47 47 51
53 14 16 3 3 60 67 62 69 72 89 93 100 97 97 98 99 100 100 100 100 99 100 99 99 99 100 99 100 100 100 99 100 100 100 100 97 96 98 96 96 95 95 68 68 73 73 85 75 69 11 0 0 0 0 0 3 0 0 0 0 0 0 0 0 0 0 0 0 1 1 17 57 51 51 74 94 100 97 100 100 100 100 100 100 97 99 99 96 96 100 85 60 51 51 66
0 33 4 0 0 0 37 89 77 55 51 85 100 97 97 95 96 100 97 95 100 98 99 98 98 99 99 100 99 99 98 100 100 100 100 100 99 97 97 96 96 96 97 73 73 51 53 59 65 68 3 14 22 0 0 0 0 0 0 7 4 0 0 0 0 0 0 0 0 0 2 0 6 2 2 24 75 47 89 96 100 97 100 100 100 97 97 98 98 98 97 96 95 94 94 60
89 96 0 33 33 0 14 68 44 61 0 53 98 94 94 97 96 97 100 93 84 98 98 99 99 99 99 100 99 99 97 100 100 99 99 100 100 100 94 93 90 96 96 90 90 52 39 40 59 52 17 13 39 27 27 1 1 2 0 0 3 0 20 0 0 0 0 0 0 0 0 0 0 0 0 0 0 1 0 48 57 87 95 94 94 97 100 100 98 99 100 95 100 97 97 98
0 0 0 22 22 0 0 52 39 33 54 79 92 89 89 89 98 96 96 95 94 82 98 98 98 97 100 99 98 99 97 100 99 98 98 100 99 100 99 98 73 69 96 95 95 69 61 38 48 39 37 52 45 33 33 13 4 0 0 0 0 0 0 0 0 0 0 0 0 0 0 0 0 0 0 0 0 0 0 6 6 51 65 85 85 98 89 98 100 97 100 97 97 98 98 97
77 0 59 48 48 0 0 26 0 22 14 93 84 84 84 88 96 93 99 98 93 95 96 100 100 100 100 99 99 96 100 100 100 100 100 100 100 100 99 100 87 53 69 97 97 96 88 60 62 29 61 52 31 13 13 0 29 0 0 0 0 0 0 0 0 0 0 6 0 0 0 0 0 0 0 0 0 0 0 2 6 3 29 27 27 71 67 65 95 97 100 98 98 96 96 97
0 90 0 62 62 0 0 48 51 59 17 48 70 29 29 79 94 93 96 99 92 96 93 98 98 99 100 99 97 99 100 100 100 100 100 99 100 100 100 98 93 69 52 67 67 90 95 91 69 44 97 5 0 29 29 52 60 33 39 13 0 0 0 33 33 0 0 27 3 0 0 0 0 0 0 0 0 0 0 0 0 2 0 0 0 3 0 21 51 87 87 98 96 98 98 97
0 0 0 34 34 60 0 17 63 59 48 37 44 54 54 79 92 95 96 98 96 95 96 95 95 96 96 93 96 97 100 99 100 99 99 99 99 100 100 99 98 94 73 22 22 69 89 95 96 89 51 16 0 17 17 65 42 7 9 2 0 0 0 5 5 14 14 0 3 0 0 0 0 0 0 0 0 0 0 0 0 0 0 2 2 0 0 0 0 0 47 68 62 89 89 96
0 0 0 0 0 0 51 22 39 68 48 48 22 52 52 86 77 95 95 99 98 96 97 96 96 96 96 93 96 99 99 98 99 100 100 100 99 100 98 99 99 99 95 73 73 63 79 82 93 96 96 88 72 73 73 56 52 22 3 7 0 0 0 0 0 0 0 0 0 0 46 0 0 0 0 0 0 0 0 0 0 0 0 0 0 0 0 0 0 0 3 30 31 55 55 68
0 0 0 0 0 0 0 0 0 16 57 59 8 51 51 88 87 77 89 81 99 98 98 94 94 90 93 93 98 97 100 99 97 100 100 100 100 100 100 98 98 97 99 95 95 87 73 69 94 98 96 96 95 93 93 95 80 55 3 0 51 0 0 0 0 17 0 0 0 68 60 15 0 0 0 0 0 0 0 0 0 0 0 0 0 0 0 0 0 0 0 0 0 0 0 0
0 0 0 0 0 0 0 0 0 16 57 59 8 51 51 88 87 77 89 81 99 98 98 94 94 90 93 93 98 97 100 99 97 100 100 100 100 100 100 98 98 97 99 95 95 87 73 69 94 98 96 96 95 93 93 95 80 55 3 0 51 0 0 0 0 17 0 0 0 68 60 15 0 0 0 0 0 0 0 0 0 0 0 0 0 0 0 0 0 0 0 0 0 0 0 0
0 0 0 0 0 0 0 5 0 0 53 60 13 27 27 68 83 55 49 54 95 91 95 96 96 92 93 93 100 97 98 98 96 100 100 100 99 100 98 100 100 100 99 99 99 99 95 94 95 93 96 97 99 98 98 95 93 54 55 0 0 4 0 0 0 1 0 0 0 0 0 0 0 0 0 0 0 0 0 0 0 0 0 0 0 0 0 0 0 0 0 0 0 0 0 0
0 0 0 0 0 0 0 0 3 0 59 59 38 7 7 32 87 89 49 54 89 95 98 96 96 94 96 94 99 96 95 99 96 100 100 100 100 100 100 99 100 100 100 100 100 100 96 95 87 67 89 95 99 100 100 95 95 93 48 3 3 0 0 3 3 27 0 0 0 0 0 0 0 0 0 0 0 0 0 0 0 0 0 0 0 0 0 0 0 0 0 0 0 0 0 0
0 0 0 0 0 0 51 0 0 0 4 50 55 21 21 0 66 89 71 80 93 95 92 96 96 91 94 87 97 96 89 90 96 99 99 98 95 97 100 100 100 99 100 100 100 97 100 100 87 54 33 47 69 86 86 93 95 92 58 0 16 70 16 20 20 20 0 3 44 0 32 0 0 0 0 0 0 0 0 0 0 0 0 0 0 0 0 0 0 0 0 0 0 0 0 0
0 0 0 0 0 0 0 0 0 43 0 47 67 30 30 49 52 96 89 82 88 93 89 90 90 94 95 89 97 97 95 77 91 94 94 98 99 100 97 100 100 99 99 100 100 100 96 97 96 62 31 31 32 30 30 51 52 49 68 55 0 0 0 0 0 0 0 100 20 0 0 0 0 0 0 0 0 0 0 0 0 0 0 0 0 0 0 0 0 0 0 0 0 0 0 0
0 0 0 0 0 0 0 0 0 89 27 0 0 63 63 68 46 88 89 82 78 54 54 93 93 96 96 78 90 93 99 90 83 91 91 97 97 99 99 98 100 100 100 100 100 100 100 97 100 84 27 0 0 22 22 24 24 0 0 0 16 0 0 3 3 0 20 3 3 16 3 0 0 44 44 33 50 0 0 0 0 0 0 0 0 0 0 0 0 0 0 0 0 0 0 0
0 0 0 0 0 0 0 0 0 74 87 54 60 60 60 51 34 74 84 90 54 49 49 60 60 95 75 79 89 89 94 94 92 92 92 100 99 98 98 98 100 100 100 100 100 100 100 100 100 98 80 60 4 24 24 24 0 2 0 0 7 0 29 0 0 0 3 27 0 16 0 0 69 61 61 66 60 55 11 0 0 0 0 0 0 0 0 0 0 0 0 0 0 0 0 0
0 0 0 0 0 0 0 0 0 0 29 87 0 65 65 56 47 49 80 89 53 64 55 53 53 94 94 93 55 55 90 96 97 96 96 95 97 100 99 99 98 100 100 100 100 100 100 100 99 100 93 64 60 26 26 28 0 22 0 0 10 0 16 0 0 3 0 0 3 0 69 20 15 44 44 36 55 36 55 0 0 0 0 0 0 0 0 0 0 0 0 0 0 0 0 0
0 0 0 0 0 0 0 0 0 0 16 81 93 59 59 59 57 22 28 90 93 79 55 45 45 54 94 79 89 68 86 94 96 94 94 89 94 99 97 100 100 98 99 100 100 100 100 100 100 99 99 96 89 36 36 51 26 22 7 4 0 13 1 44 44 61 61 53 20 0 0 0 13 49 49 47 67 51 69 36 44 0 0 0 0 0 0 0 0 0 0 0 0 0 0 0
20 0 0 0 0 0 0 0 0 0 0 52 89 51 51 0 6 59 17 67 98 94 57 47 47 47 68 93 79 66 37 95 95 89 89 91 79 94 92 81 100 95 98 100 100 99 100 100 97 99 100 100 98 89 89 67 37 52 30 0 0 25 6 29 29 0 100 68 32 33 52 52 76 69 69 46 15 0 67 72 53 3 0 3 3 0 0 0 52 0 0 0 0 22 22 0
20 0 0 0 0 0 0 0 0 0 0 52 89 51 51 0 6 59 17 67 98 94 57 47 47 47 68 93 79 66 37 95 95 89 89 91 79 94 92 81 100 95 98 100 100 99 100 100 97 99 100 100 98 89 89 67 37 52 30 0 0 25 6 29 29 0 100 68 32 33 52 52 76 69 69 46 15 0 67 72 53 3 0 3 3 0 0 0 52 0 0 0 0 22 22 0
61 6 0 0 0 0 0 0 0 0 0 0 33 88 88 0 60 73 65 57 90 95 67 49 49 47 54 89 86 52 29 86 96 88 88 97 96 93 90 33 19 77 100 100 100 100 100 100 100 100 100 100 100 99 99 100 99 89 69 97 0 0 0 47 47 4 99 28 34 20 29 0 59 49 49 67 0 76 18 15 27 0 0 0 0 20 44 27 15 0 3 0 0 0 0 22
68 24 0 0 0 0 0 0 0 0 0 2 0 69 69 54 0 49 74 73 78 95 85 54 54 53 85 93 90 94 89 91 94 96 96 96 100 92 47 49 88 95 98 99 99 100 100 100 100 100 100 100 100 100 100 97 96 100 94 89 68 4 0 1 1 30 33 1 6 32 17 0 4 0 0 44 72 100 0 27 33 69 0 0 0 43 59 59 0 34 27 62 65 0 0 0
51 59 0 0 0 0 0 0 0 0 0 0 0 62 62 86 51 0 44 79 79 64 95 92 92 69 69 54 93 88 89 72 100 87 87 93 98 93 55 82 98 100 100 100 100 97 97 100 100 100 100 100 100 100 100 99 96 98 100 96 89 66 56 30 30 20 1 31 19 20 20 29 1 10 10 100 100 36 73 55 0 5 0 0 0 0 0 0 62 99 100 99 99 0 0 0
15 21 1 0 0 0 0 0 0 0 0 0 0 51 51 55 85 64 6 65 70 69 78 85 85 72 47 87 77 71 69 58 77 67 67 86 82 82 93 93 95 97 99 100 100 99 100 100 100 100 99 98 100 100 100 98 97 100 100 100 95 90 91 80 80 56 17 33 0 4 4 0 53 0 0 7 95 95 62 3 0 0 0 0 0 0 100 63 56 56 34 99 0 30 30 0
6 19 0 1 1 0 0 0 0 0 0 0 0 0 0 17 77 79 44 30 65 58 73 89 89 86 51 54 55 69 72 54 69 65 65 51 90 93 96 98 100 95 97 100 100 100 100 95 100 97 99 100 99 100 100 100 98 100 98 99 97 99 100 95 95 93 90 89 25 0 0 0 1 100 100 49 34 46 0 60 0 0 0 0 0 0 99 100 15 15 100 0 100 0 0 58
31 61 15 0 0 20 0 0 0 0 0 0 0 0 0 0 0 19 89 79 29 59 47 72 72 95 88 61 55 70 67 59 62 54 54 55 94 95 98 97 99 97 98 99 99 93 88 95 99 97 100 100 97 100 100 98 100 99 97 98 100 100 99 99 99 99 98 100 88 52 100 0 0 100 100 0 0 0 0 52 58 0 10 0 0 0 100 100 0 46 53 100 0 0 0 0
60 65 48 33 33 65 12 0 0 0 0 0 0 0 0 0 0 26 59 79 30 0 15 59 59 62 93 88 19 70 93 70 54 55 55 54 90 89 96 96 99 91 95 93 93 90 84 100 97 100 100 100 100 100 100 98 98 98 97 97 100 100 100 100 100 98 98 98 99 93 74 16 50 20 20 4 7 7 18 100 100 0 0 0 0 100 100 4 0 53 0 0 0 0 0 0
70 77 68 52 52 59 68 6 0 0 0 0 0 0 0 0 0 20 19 77 67 48 0 31 31 51 78 89 70 49 54 54 93 94 94 78 89 90 92 95 100 100 98 95 95 100 96 94 98 100 100 100 100 100 100 97 97 100 97 100 100 100 97 100 100 100 97 100 98 100 98 74 70 53 53 28 7 0 0 0 51 100 99 100 100 0 0 0 0 100 100 0 0 0 0 0
76 62 89 93 93 65 0 37 2 0 0 0 0 0 0 0 0 0 1 54 89 79 14 3 3 43 47 80 88 45 66 64 92 95 95 89 86 54 73 76 83 96 100 96 96 100 96 89 100 100 100 100 100 100 100 97 100 100 100 100 99 97 97 100 100 97 100 100 99 100 93 90 84 85 85 54 70 48 53 47 100 100 16 100 100 98 13 0 31 58 49 0 100 100 100 0
76 62 89 93 93 65 0 37 2 0 0 0 0 0 0 0 0 0 1 54 89 79 14 3 3 43 47 80 88 45 66 64 92 95 95 89 86 54 73 76 83 96 100 96 96 100 96 89 100 100 100 100 100 100 100 97 100 100 100 100 99 97 97 100 100 97 100 100 99 100 93 90 84 85 85 54 70 48 53 47 100 100 16 100 100 98 13 0 31 58 49 0 100 100 100 0
89 64 84 84 84 80 55 28 60 0 0 0 0 0 0 0 0 0 0 0 0 59 51 0 0 0 0 36 57 95 70 70 82 94 94 86 84 41 49 55 77 89 94 100 100 100 94 93 98 100 99 99 100 100 100 97 97 97 100 100 98 100 100 99 99 97 100 97 97 97 98 96 97 96 96 89 67 49 70 49 68 27 16 14 14 100 30 30 58 1 0 0 17 4 4 0
95 89 78 81 81 70 81 52 0 26 0 0 0 0 0 0 0 0 0 0 0 1 49 65 65 14 51 60 69 86 92 67 69 51 51 82 93 95 86 51 51 51 93 93 93 98 98 96 96 99 96 100 100 100 100 100 100 100 97 97 97 97 97 97 97 97 97 97 97 97 98 100 100 96 96 93 67 87 87 89 64 57 72 16 16 34 4 1 0 16 100 33 0 0 0 0
99 99 95 72 72 76 80 67 56 39 1 0 0 0 0 0 0 0 0 0 0 0 33 68 68 0 37 0 47 86 89 89 86 41 41 51 81 93 89 61 60 47 54 95 95 96 98 96 95 81 95 97 99 97 97 100 100 100 99 100 97 97 100 100 100 97 100 97 97 95 97 100 97 100 100 99 96 94 93 97 73 60 60 100 100 30 76 0 0 100 100 0 97 84 84 47
98 99 96 91 91 92 77 72 51 4 2 0 0 0 0 0 0 0 0 0 0 0 15 14 14 69 59 0 0 47 64 89 89 54 54 51 51 89 89 87 67 49 56 62 62 90 90 96 94 89 53 76 97 98 98 100 100 97 99 100 100 100 97 100 100 97 100 97 97 100 100 100 100 97 97 100 98 98 100 97 92 82 78 86 86 49 73 59 17 0 0 0 13 44 44 53
100 100 97 98 98 89 89 93 80 60 0 1 0 0 0 0 0 0 0 0 0 0 0 0 0 0 21 0 0 44 51 87 95 92 92 49 31 49 51 54 55 52 45 49 49 52 54 90 95 85 54 68 80 96 96 100 100 100 100 100 100 100 100 97 97 100 100 97 100 100 97 98 100 100 100 97 100 100 100 100 100 100 100 100 100 100 100 100 96 98 96 66 69 69 69 69
99 99 98 98 98 98 96 97 98 80 47 4 1 0 0 0 0 0 0 0 0 0 0 0 0 0 21 44 0 27 19 48 80 89 89 87 55 14 51 53 81 37 67 0 0 49 51 93 93 93 71 46 47 89 89 97 97 100 100 100 99 100 100 100 100 100 97 100 97 100 99 97 98 100 100 100 100 100 100 100 100 100 100 100 100 100 100 100 99 99 98 97 96 98 98 96
98 100 100 98 98 98 98 98 97 100 78 12 8 0 0 0 0 0 0 0 0 0 0 0 0 0 0 15 49 4 65 47 57 67 67 89 66 44 53 54 53 0 33 44 44 45 85 77 55 93 81 61 0 73 73 94 96 98 100 99 99 100 100 100 100 100 100 100 100 100 100 97 100 100 100 100 100 100 100 100 100 100 100 100 100 100 100 100 98 97 100 100 99 97 97 97
98 100 100 99 99 98 100 99 96 93 78 58 2 39 39 0 0 0 0 0 0 0 0 0 0 0 0 0 51 30 26 50 13 54 54 63 89 67 54 85 72 60 29 12 12 0 37 55 54 70 94 89 44 51 51 69 96 98 98 100 100 100 99 100 100 100 96 100 100 100 97 100 100 97 97 100 97 100 100 100 100 98 97 100 100 100 100 100 98 100 100 100 100 98 98 96
100 98 99 99 99 100 100 98 93 94 100 99 51 36 36 29 0 0 0 0 0 0 0 0 0 0 0 0 44 37 1 0 51 51 51 55 88 95 90 55 55 67 67 54 54 0 4 0 54 82 89 90 90 47 47 29 75 96 98 100 100 100 100 100 100 100 100 100 89 100 98 100 98 100 100 97 100 100 100 100 98 98 100 100 100 100 100 100 100 100 99 100 100 98 98 97
100 98 99 99 99 100 100 98 93 94 100 99 51 36 36 29 0 0 0 0 0 0 0 0 0 0 0 0 44 37 1 0 51 51 51 55 88 95 90 55 55 67 67 54 54 0 4 0 54 82 89 90 90 47 47 29 75 96 98 100 100 100 100 100 100 100 100 100 89 100 98 100 98 100 100 97 100 100 100 100 98 98 100 100 100 100 100 100 100 100 99 100 100 98 98 97
98 100 99 99 99 97 97 98 97 93 98 95 86 49 49 51 19 0 0 0 0 0 0 0 0 0 0 0 0 47 22 0 15 36 36 27 60 64 89 84 49 51 53 54 54 37 47 50 29 93 90 96 90 72 72 0 47 69 96 97 97 100 100 100 100 100 100 96 98 97 99 99 98 100 100 100 97 97 97 98 98 98 98 100 100 100 100 100 100 100 100 100 100 99 99 99
100 98 99 99 99 100 100 98 98 98 99 100 99 90 90 52 57 0 0 0 0 0 0 0 0 0 0 0 0 29 0 16 0 2 2 0 28 48 62 87 92 77 51 53 53 83 89 77 54 82 93 89 93 94 94 58 47 39 73 89 97 98 100 100 100 100 100 99 99 99 99 100 100 99 99 99 95 93 95 92 69 90 94 99 99 98 100 100 99 97 100 97 98 98 98 95
98 99 98 100 100 100 100 98 100 98 98 99 100 98 98 86 74 46 36 0 0 0 0 0 0 0 0 0 0 0 3 14 0 0 0 0 0 8 79 68 89 89 83 89 89 29 89 77 54 77 75 89 83 96 96 86 79 45 3 51 93 98 98 100 100 100 100 99 100 100 100 97 97 99 99 99 96 96 96 68 42 30 59 70 70 90 92 95 95 97 98 100 97 97 97 95
