sandbox/hansen.asc
ncols        458
nrows        392
xllcorner    -64.781500000000
yllcorner    -3.279000000000
cellsize     0.000250000000
[rows 168 to 223 of 392, columns 96 to 191 of 458]
97 97 100 100 97 97 97 83 81 93 93 69 52 94 71 0 0 0 0 0 0 0 89 99 97 52 35 80 99 100 100 100 100 100 100 100 100 100 100 100 100 100 100 100 96 100 100 100 100 100 100 98 100 98 80 56 11 0 0 21 21 52 47 0 1 6 0 0 0 0 0 0 0 0 41 90 99 100 100 100 100 100 99 100 100 100 100 100 97 93 93 100 100 100 100 100
100 97 100 100 97 100 100 97 85 85 85 89 52 88 92 0 0 0 0 0 0 13 92 95 89 54 79 99 98 100 100 100 99 100 100 98 100 100 100 100 100 100 100 100 100 100 100 100 100 100 100 100 100 100 75 52 0 7 7 8 8 0 0 0 0 1 0 0 0 0 0 0 0 0 31 88 99 100 100 100 100 100 100 100 98 98 100 99 98 96 96 95 98 100 100 100
100 98 99 100 100 99 100 100 95 89 89 69 73 64 89 15 0 2 0 0 0 15 89 93 19 8 90 100 100 99 99 100 97 97 98 100 100 100 99 97 97 100 99 100 99 96 100 99 100 99 99 99 100 96 89 66 52 16 1 16 16 1 56 0 13 0 0 0 0 0 0 0 0 0 1 77 94 99 100 100 100 100 100 100 99 98 100 98 96 73 73 69 96 100 100 99
100 100 100 100 100 97 100 100 100 99 99 99 68 68 69 38 0 0 0 0 0 62 93 33 44 54 100 100 100 100 100 100 99 99 97 98 97 100 100 97 97 99 100 100 99 97 99 97 97 99 99 96 94 93 95 54 52 0 0 38 38 48 0 0 0 0 0 0 0 0 0 0 0 0 1 74 86 97 98 100 100 99 100 100 100 100 100 100 95 72 72 52 75 100 100 100
100 98 100 100 100 100 100 100 100 100 100 97 81 55 59 57 0 31 8 47 47 89 55 43 54 100 100 100 100 100 100 100 100 99 100 100 97 97 100 100 100 98 99 100 97 99 100 100 100 97 97 93 99 90 100 71 45 0 1 0 0 25 0 51 51 0 0 0 0 0 0 0 0 0 0 85 100 99 100 100 100 100 100 100 99 99 100 98 96 96 96 85 59 89 98 100
100 98 100 100 100 100 100 100 100 100 100 100 97 80 63 67 10 54 15 61 61 93 15 52 89 100 100 98 99 100 100 100 91 100 97 100 94 97 98 98 98 97 100 95 96 95 97 100 100 100 100 91 95 100 89 66 43 45 47 56 56 0 0 51 0 0 0 0 0 0 0 0 0 0 2 89 99 97 100 100 100 100 100 100 100 98 97 97 97 95 95 93 80 68 98 100
100 100 100 100 100 100 97 100 100 100 100 100 100 84 53 67 0 28 63 93 93 62 1 52 89 97 100 100 100 98 98 97 100 99 100 91 91 100 99 99 99 100 93 96 97 100 99 99 97 97 97 97 95 97 81 70 51 51 51 52 52 10 0 10 4 0 0 0 0 0 0 0 0 0 0 53 89 90 99 100 100 100 100 100 100 98 97 97 98 96 96 89 89 73 89 100
100 100 100 100 100 100 100 100 100 100 100 100 100 97 73 28 0 0 56 95 95 80 35 84 97 99 100 100 100 99 99 97 98 100 100 98 100 100 100 100 100 95 95 94 100 100 97 97 100 99 99 96 90 97 84 52 1 51 27 46 46 0 5 52 22 0 0 0 0 0 0 0 0 0 0 37 64 76 98 100 100 100 100 100 99 99 99 96 89 73 73 68 69 64 87 98
100 100 100 100 100 100 100 100 100 100 100 100 100 97 73 28 0 0 56 95 95 80 35 84 97 99 100 100 100 99 99 97 98 100 100 98 100 100 100 100 100 95 95 94 100 100 97 97 100 99 99 96 90 97 84 52 1 51 27 46 46 0 5 52 22 0 0 0 0 0 0 0 0 0 0 37 64 76 98 100 100 100 100 100 99 99 99 96 89 73 73 68 69 64 87 98
100 100 100 100 100 100 100 100 98 100 100 100 100 97 89 55 53 17 60 93 93 55 44 88 99 98 100 100 99 100 100 100 100 100 98 100 100 100 97 100 100 100 96 93 96 98 100 96 98 100 100 95 95 89 86 0 67 59 59 47 47 24 21 16 36 0 0 0 0 0 0 0 0 0 0 0 70 99 99 100 100 98 100 100 100 100 100 100 93 66 66 65 31 87 81 96
100 100 100 100 100 100 100 100 97 100 100 100 100 100 100 83 10 31 38 51 51 18 72 78 97 99 100 100 100 100 100 100 100 100 99 98 100 97 100 97 97 96 97 100 100 96 100 100 98 98 98 97 96 89 88 37 28 57 56 65 65 45 0 30 21 0 0 0 0 0 0 0 0 0 0 0 60 89 100 100 100 100 100 98 100 100 100 100 100 96 96 89 99 69 89 90
97 100 100 100 100 100 100 100 97 100 100 100 100 100 100 84 1 19 20 21 21 55 94 96 100 100 96 99 100 100 100 100 100 100 100 100 100 100 100 100 100 97 97 100 100 98 97 98 98 97 97 100 96 97 76 0 72 68 63 71 71 54 42 30 48 37 0 0 0 0 0 0 0 0 0 0 31 80 96 99 99 100 100 100 100 100 100 100 100 100 100 100 89 87 93 91
100 100 100 100 100 100 100 100 100 100 100 97 100 100 100 97 0 0 0 67 67 87 96 100 100 100 97 99 100 100 100 100 100 100 100 100 100 100 100 100 100 99 99 97 97 100 89 89 97 97 97 97 97 97 93 86 96 89 46 73 73 82 51 30 31 8 0 0 0 0 0 0 0 0 0 8 12 57 86 100 100 100 100 98 100 100 100 100 97 100 100 100 100 98 100 100
100 98 100 100 100 100 100 100 100 100 100 97 100 100 100 100 44 75 15 65 65 86 93 97 99 99 99 97 99 100 100 98 100 100 100 100 100 97 100 97 97 98 97 97 91 97 99 86 95 96 96 98 100 99 98 95 89 89 69 55 55 55 38 31 31 51 0 0 0 0 0 0 0 0 0 0 31 60 89 97 97 100 100 100 100 100 100 100 100 100 100 100 100 100 100 100
100 100 100 100 100 100 100 100 100 97 97 100 98 98 98 100 80 59 0 2 2 83 100 100 100 97 97 99 99 100 100 100 100 100 100 100 99 100 100 97 97 97 95 97 96 97 100 100 94 89 89 98 99 100 99 100 98 98 89 55 55 57 71 29 28 2 0 0 0 0 0 0 0 0 0 0 33 3 83 89 89 96 98 100 100 100 100 100 100 100 100 100 100 100 100 100
100 100 100 100 100 100 97 100 100 99 99 100 97 100 100 100 100 69 10 28 28 71 97 100 97 100 98 99 100 100 100 99 100 100 97 100 100 100 100 100 100 100 99 100 99 100 99 98 96 94 94 93 98 99 98 99 96 97 98 62 62 19 59 18 31 33 0 0 0 0 0 0 0 0 0 0 15 0 0 62 62 81 96 100 100 100 100 100 100 100 100 100 100 100 100 100
100 100 100 100 100 100 100 100 100 100 100 100 100 100 100 100 100 89 37 0 0 71 83 95 95 100 98 100 99 99 99 97 100 97 98 98 100 100 97 100 100 100 100 99 100 97 98 100 100 96 96 94 96 99 90 95 98 94 99 94 94 19 49 27 0 39 0 0 0 0 0 0 0 0 0 0 0 0 22 50 50 38 73 99 100 100 100 100 100 100 100 100 100 100 100 100
100 100 100 100 100 100 100 100 100 100 100 100 100 100 100 100 100 100 83 0 0 31 69 89 89 97 98 97 98 98 98 99 98 100 100 99 100 100 100 100 100 100 100 100 100 100 97 99 100 98 98 100 79 94 96 95 96 99 97 97 97 72 47 22 51 42 0 0 0 0 0 0 0 0 0 0 0 23 0 38 38 38 55 93 99 100 100 100 100 100 100 97 100 100 100 100
100 100 100 100 100 100 100 100 100 100 100 100 100 100 100 100 100 100 83 0 0 31 69 89 89 97 98 97 98 98 98 99 98 100 100 99 100 100 100 100 100 100 100 100 100 100 97 99 100 98 98 100 79 94 96 95 96 99 97 97 97 72 47 22 51 42 0 0 0 0 0 0 0 0 0 0 0 23 0 38 38 38 55 93 99 100 100 100 100 100 100 97 100 100 100 100
100 100 100 100 100 100 100 100 100 100 100 100 100 100 100 100 100 100 90 72 72 0 36 70 84 90 97 97 99 97 97 98 98 98 98 100 100 100 100 100 100 100 100 100 100 100 100 97 100 97 97 95 89 86 95 95 89 99 98 98 98 86 47 27 48 62 0 0 0 0 0 0 0 0 0 0 0 0 0 61 61 47 69 45 90 100 98 100 100 100 100 100 100 100 100 100
100 100 100 98 100 100 100 99 100 100 100 100 100 100 100 100 99 100 98 85 85 0 0 34 64 95 99 91 100 96 96 99 99 100 100 100 100 100 100 100 100 100 100 100 100 97 100 100 97 96 96 97 97 81 95 97 94 89 96 98 98 97 64 55 68 60 0 0 0 0 0 0 0 0 0 0 0 0 0 51 51 60 47 55 63 99 97 100 97 100 100 100 100 100 100 100
98 97 100 100 100 100 100 97 100 100 100 100 100 100 100 100 100 100 100 98 98 53 0 5 53 89 95 96 100 96 96 93 98 98 100 99 99 100 100 100 100 100 98 100 100 100 100 98 97 97 97 97 99 91 92 90 93 90 90 95 95 97 59 53 49 14 0 0 0 0 0 0 0 0 0 0 0 0 0 0 0 14 30 31 59 84 97 99 100 97 97 97 100 100 100 100
100 100 100 97 100 100 100 100 100 100 100 97 100 100 97 100 100 100 100 100 100 90 60 0 31 71 95 99 99 97 97 96 98 100 100 100 100 100 100 100 100 100 100 100 100 100 100 100 99 97 97 98 100 100 98 89 90 96 95 89 89 97 86 30 51 33 0 0 0 0 0 0 0 0 0 0 0 0 0 0 0 19 0 31 63 84 95 100 99 99 99 100 100 100 100 100
98 98 100 100 100 100 100 100 100 100 100 100 100 100 100 100 100 100 100 100 100 100 85 0 0 0 78 97 100 100 100 96 99 100 100 100 100 100 100 100 100 100 98 100 99 99 98 99 98 98 98 98 91 96 100 99 96 95 96 95 95 84 97 51 4 17 40 0 0 0 0 0 0 0 0 0 0 0 0 0 0 1 0 1 44 75 95 100 100 100 100 100 100 100 100 100
95 96 95 97 97 100 96 97 100 100 100 100 100 100 100 100 97 100 99 98 98 100 95 53 0 0 37 90 89 97 97 99 100 100 99 100 100 100 100 100 100 100 100 100 100 98 98 100 98 99 99 100 100 98 100 100 100 92 89 86 86 80 85 64 1 47 0 0 0 0 0 0 0 0 0 0 0 0 0 0 0 4 0 0 37 67 89 98 100 100 100 100 100 100 100 100
99 98 96 89 96 89 89 74 89 89 89 79 96 100 98 97 100 100 100 98 98 100 98 81 42 0 0 26 87 97 97 99 97 100 100 100 100 100 97 100 100 100 100 100 98 98 100 100 100 100 100 100 100 100 100 100 100 97 94 63 63 80 81 89 51 47 30 0 0 0 0 0 0 0 0 0 0 0 0 0 0 0 0 20 30 89 88 97 100 99 99 96 97 97 100 100
100 100 100 100 100 99 100 100 96 89 89 80 80 89 74 96 98 97 97 96 96 96 97 99 89 47 0 0 59 94 94 91 95 98 100 99 100 100 100 99 99 100 100 100 100 100 100 98 99 100 100 100 99 100 100 100 98 99 98 89 89 63 73 97 86 31 49 0 0 0 0 0 0 0 0 0 0 0 0 0 0 0 0 22 20 89 81 89 97 98 98 99 100 100 100 100
100 99 99 100 100 100 100 100 100 100 100 100 100 99 99 100 99 99 96 89 89 90 95 96 96 92 55 0 2 33 33 72 99 97 99 98 98 100 100 100 100 100 100 97 100 100 97 96 96 99 99 98 100 100 100 99 97 100 100 99 99 89 58 89 95 66 0 0 0 0 0 0 0 0 0 0 0 0 0 0 0 0 0 22 16 3 52 81 97 98 98 98 97 99 100 100
100 99 99 100 100 100 100 100 100 100 100 100 100 99 99 100 99 99 96 89 89 90 95 96 96 92 55 0 2 33 33 72 99 97 99 98 98 100 100 100 100 100 100 97 100 100 97 96 96 99 99 98 100 100 100 99 97 100 100 99 99 89 58 89 95 66 0 0 0 0 0 0 0 0 0 0 0 0 0 0 0 0 0 22 16 3 52 81 97 98 98 98 97 99 100 100
100 100 100 100 100 100 97 100 99 100 100 100 100 100 100 100 100 100 100 100 100 99 98 98 96 94 67 0 0 6 6 2 70 87 96 99 100 100 99 100 100 100 100 100 100 100 97 97 96 98 98 100 100 100 100 100 97 100 100 97 97 97 89 64 95 87 0 0 0 0 0 0 0 0 0 0 0 0 0 0 0 0 0 0 32 34 50 83 95 100 100 98 98 100 100 98
100 100 100 100 100 100 100 100 100 99 99 99 100 100 100 100 100 100 100 100 100 100 100 99 99 98 98 60 0 0 0 1 0 56 95 99 100 99 100 100 100 100 100 100 100 100 100 99 100 90 90 100 100 100 99 99 100 100 100 95 95 97 92 89 87 94 20 0 0 0 0 0 0 0 0 0 0 0 0 0 0 0 0 0 0 44 63 64 95 100 100 100 100 96 97 100
100 100 100 100 100 100 100 100 97 100 100 100 100 100 100 100 100 100 100 100 100 100 100 100 99 100 100 96 3 0 0 0 0 7 69 98 100 100 100 100 100 100 100 100 100 100 100 100 98 97 97 97 98 100 99 97 93 98 100 0 0 0 91 95 89 87 60 12 0 0 0 0 0 0 0 0 0 0 0 0 0 0 0 0 0 0 3 62 86 96 96 100 100 100 96 100
100 100 100 100 100 100 97 100 100 100 100 100 100 100 100 100 100 100 100 100 100 100 100 100 100 100 100 100 93 37 37 0 25 22 51 70 99 100 100 100 100 100 100 100 100 100 100 100 100 100 100 96 100 100 98 95 95 96 98 97 97 0 100 97 92 89 89 3 0 0 0 0 0 0 0 0 0 0 0 0 0 0 0 0 0 0 0 21 71 89 89 95 100 100 100 99
100 100 100 100 100 100 99 100 100 100 100 100 100 97 100 100 100 100 100 100 100 100 100 100 100 100 100 100 100 96 96 36 0 0 24 18 77 98 100 98 98 100 99 100 100 100 100 100 100 100 100 100 100 98 98 96 96 98 95 98 98 99 99 100 100 89 85 51 0 0 0 0 0 0 0 0 0 0 0 0 0 0 0 0 20 0 0 0 60 69 69 96 100 100 100 100
100 100 100 100 100 97 100 100 99 100 100 100 100 100 100 100 100 100 98 100 100 100 100 100 100 100 100 100 100 100 100 92 0 0 0 1 2 69 96 96 96 99 100 100 100 100 100 100 100 98 98 100 100 97 98 95 96 95 95 98 98 100 100 100 100 91 87 69 0 0 0 0 0 0 0 0 0 0 0 0 0 0 0 0 0 0 0 0 0 65 65 100 97 99 99 99
100 100 100 100 100 100 100 100 100 100 100 100 100 100 100 100 100 100 100 100 100 100 100 100 100 100 100 100 100 100 100 100 93 46 0 0 8 17 51 89 89 97 100 100 100 100 100 100 100 100 100 98 100 100 97 99 100 93 88 97 97 100 97 100 100 99 93 89 0 0 0 0 0 0 0 0 0 0 0 0 0 0 0 8 0 0 0 0 3 31 31 89 99 100 100 98
100 100 100 100 100 100 100 100 100 100 100 100 100 97 100 100 97 100 100 100 100 100 99 100 100 100 100 100 100 100 100 100 100 89 59 0 0 5 30 28 28 93 96 100 100 100 100 100 100 100 100 99 100 100 100 99 97 94 69 89 89 97 97 100 100 100 100 96 51 0 0 0 0 0 0 0 0 0 0 0 0 0 0 0 0 0 0 0 0 40 40 89 95 100 100 97
100 100 100 100 100 100 100 100 100 100 100 100 97 100 100 100 100 100 100 100 100 100 100 100 100 100 100 100 100 100 100 100 100 100 89 26 0 0 0 31 31 23 60 95 100 95 96 100 100 100 100 100 100 100 100 94 100 97 92 54 54 89 100 100 100 97 100 97 85 0 0 0 0 0 0 0 0 0 0 0 0 0 0 0 0 0 0 0 0 0 0 67 89 100 100 100
100 100 100 100 100 100 100 100 100 100 100 100 97 100 100 100 100 100 100 100 100 100 100 100 100 100 100 100 100 100 100 100 100 100 89 26 0 0 0 31 31 23 60 95 100 95 96 100 100 100 100 100 100 100 100 94 100 97 92 54 54 89 100 100 100 97 100 97 85 0 0 0 0 0 0 0 0 0 0 0 0 0 0 0 0 0 0 0 0 0 0 67 89 100 100 100
100 100 100 100 97 100 100 97 100 100 100 100 100 100 100 100 100 100 100 100 100 100 100 100 100 100 100 100 100 100 100 100 100 100 96 97 52 0 0 24 24 47 24 74 88 94 98 95 100 98 98 100 100 100 99 100 100 98 90 90 90 67 89 100 100 100 96 96 96 26 26 0 0 0 0 0 0 0 0 0 0 0 0 0 0 0 0 0 0 0 0 52 86 100 99 100
100 100 100 100 100 100 100 100 100 100 100 100 100 100 100 100 100 100 100 100 100 100 100 100 100 100 100 100 100 100 100 98 98 100 100 100 100 89 44 0 0 0 1 1 15 64 73 83 97 99 99 96 96 100 100 99 97 96 100 95 95 52 56 92 100 100 97 91 92 89 89 0 0 0 0 0 0 0 0 0 0 0 0 0 0 0 0 0 0 0 0 0 67 85 100 99
100 100 100 100 100 100 100 100 100 100 100 100 100 100 100 100 100 100 100 100 100 100 100 100 100 100 100 100 100 100 100 100 100 100 97 100 100 97 97 57 57 0 0 0 6 2 23 94 99 98 98 89 89 99 98 100 97 89 89 98 98 89 66 73 96 98 89 90 94 93 93 15 0 0 0 0 0 0 0 0 0 0 0 0 0 0 0 0 0 0 0 20 4 54 89 99
100 99 100 100 100 100 100 100 100 100 100 100 100 100 100 100 100 100 100 100 100 100 100 100 100 100 100 100 98 100 100 100 99 100 100 100 100 100 98 97 97 90 60 0 0 0 2 22 38 89 89 97 89 90 89 97 92 92 74 87 87 96 93 89 64 89 96 96 100 97 97 87 0 0 0 0 0 0 0 0 0 0 0 0 0 0 0 0 0 0 0 0 0 68 89 96
100 95 55 96 99 100 100 100 100 100 100 100 100 100 100 97 100 100 100 100 100 100 100 100 100 100 99 99 100 98 98 100 97 100 100 97 100 100 100 100 100 100 97 66 0 0 3 55 0 52 52 70 89 79 62 74 94 94 95 92 92 92 97 99 95 93 100 98 97 90 90 100 0 0 0 0 0 0 0 0 0 0 0 0 0 0 0 0 0 0 0 0 22 0 67 86
97 97 92 67 42 42 54 77 95 99 99 98 99 99 98 100 100 100 100 100 100 100 100 100 100 100 99 98 98 98 98 100 100 100 100 100 100 100 100 100 100 97 100 100 96 60 89 2 0 12 12 31 52 80 78 82 78 69 90 96 96 94 95 98 97 97 96 95 95 100 100 91 66 0 0 0 0 0 0 0 0 0 0 0 0 0 0 0 0 0 0 0 0 32 54 55
93 97 100 91 92 69 55 68 58 64 64 89 95 100 100 100 99 98 98 100 100 100 100 100 100 100 98 100 98 96 96 91 84 100 100 100 100 100 100 100 100 100 100 100 98 98 87 55 17 0 0 0 6 22 55 84 75 84 67 89 89 89 96 96 99 100 100 96 93 95 95 97 93 1 0 0 0 0 0 0 0 0 0 0 0 0 0 0 0 0 0 0 0 0 0 67
60 83 99 99 99 99 96 86 68 67 67 73 89 95 98 100 100 98 99 98 98 100 100 100 100 100 100 100 98 96 96 96 63 65 80 96 100 100 100 100 100 100 100 97 97 100 100 98 70 51 51 0 0 3 2 0 47 77 82 81 81 72 77 89 97 100 96 100 96 97 97 97 96 66 2 0 0 0 0 0 0 0 0 0 0 0 0 0 0 0 0 0 0 0 0 0
0 54 84 94 99 99 96 89 89 90 90 89 77 92 100 100 100 99 100 98 98 100 98 98 100 98 100 100 98 96 96 96 80 49 44 77 69 89 92 98 98 100 99 99 97 100 97 100 100 100 100 100 59 0 12 14 2 3 5 2 2 26 68 87 89 97 97 100 100 96 96 95 97 93 0 0 0 0 0 0 0 0 0 0 0 0 0 0 0 0 0 0 0 0 70 67
0 54 84 94 99 99 96 89 89 90 90 89 77 92 100 100 100 99 100 98 98 100 98 98 100 98 100 100 98 96 96 96 80 49 44 77 69 89 92 98 98 100 99 99 97 100 97 100 100 100 100 100 59 0 12 14 2 3 5 2 2 26 68 87 89 97 97 100 100 96 96 95 97 93 0 0 0 0 0 0 0 0 0 0 0 0 0 0 0 0 0 0 0 0 70 67
0 0 0 79 81 96 95 89 89 90 90 96 95 96 93 92 80 89 93 95 95 99 98 97 100 100 100 100 100 99 99 97 90 77 59 71 65 65 67 60 60 93 96 98 100 100 100 100 100 100 100 100 98 100 83 3 0 0 1 1 1 6 14 18 55 64 53 64 89 100 100 100 100 100 97 1 0 0 0 0 0 0 0 0 0 0 0 0 0 0 0 0 0 0 0 76
0 0 0 0 64 82 96 96 89 89 89 96 95 95 93 95 67 51 69 73 73 73 94 97 100 100 100 100 100 99 99 100 98 97 93 79 80 69 50 44 44 51 73 80 96 93 100 98 100 100 100 100 100 100 98 96 67 2 0 0 0 0 11 3 0 0 27 19 69 94 94 96 93 97 98 66 0 0 0 0 0 0 0 0 0 0 0 0 0 0 0 0 75 42 70 20
0 0 0 0 0 1 78 89 91 95 95 96 95 95 95 95 93 77 77 80 80 67 61 69 90 89 93 98 98 100 100 100 100 100 100 98 98 95 95 42 42 14 47 0 50 71 86 93 98 100 100 100 97 100 100 100 98 86 54 51 51 2 0 0 2 1 1 0 2 29 29 63 95 90 95 94 3 0 0 0 0 0 0 0 0 0 0 0 0 0 0 0 75 75 0 82
0 0 0 0 0 0 8 77 77 89 89 98 86 95 95 95 100 94 98 91 91 94 84 55 55 64 77 75 89 91 91 95 97 100 100 100 98 98 99 96 96 96 92 75 60 44 51 64 89 96 96 96 100 100 100 100 100 100 96 84 84 60 29 15 0 1 0 1 2 0 0 0 37 86 94 97 67 0 0 0 0 0 0 0 0 0 0 0 0 0 0 0 75 67 68 82
0 0 0 0 0 0 0 0 80 82 82 75 89 97 95 98 100 100 99 95 95 100 96 95 80 60 65 76 66 54 54 55 93 78 93 95 97 100 96 100 100 100 99 100 95 79 76 70 82 88 88 68 90 95 98 100 100 100 100 96 96 84 68 30 1 3 0 0 26 0 0 3 0 73 71 96 89 0 0 0 0 0 0 0 0 0 0 0 0 0 0 34 81 70 67 76
0 0 0 0 0 0 0 0 0 47 47 79 89 96 89 97 99 99 95 100 100 100 96 95 96 97 93 98 64 55 55 69 56 29 73 87 69 85 84 96 96 97 97 100 100 98 98 96 92 80 80 93 77 77 78 93 98 100 100 98 98 100 89 69 19 50 46 0 0 0 0 1 1 0 0 68 69 51 0 0 0 0 0 0 0 0 0 0 0 0 0 58 49 44 67 56
0 0 0 0 0 0 0 0 0 0 0 0 77 93 96 99 99 96 100 95 95 95 99 98 99 95 96 95 95 86 86 86 72 70 52 49 0 26 12 54 54 19 0 0 58 75 97 96 89 90 90 89 91 96 97 98 97 100 98 97 97 100 100 91 67 49 55 52 34 2 2 0 0 0 0 0 52 51 0 0 0 0 0 0 0 0 0 0 0 0 0 0 85 62 67 74
